859 7842
9159 3403
4107 844
782 3501
9810 1041
5910 9634
6972 3722
5554 2864
5271 1057
9976 2628
8565 3557
3898 2385
1433 5294
6864 9385
4277 654
2203 981
4223 1544
299 867
1471 4557
5328 2578
2090 490
7985 1742
3450 466
8746 6933
4942 3329
1768 7802
5486 6000
383 3185
7652 5661
2059 5142
3331 2946
228 7720
7225 2062
5559 8770
1432 8597
4021 3680
9489 6837
1740 4641
1492 76
8305 4908
6148 9907
6429 8662
2528 4077
1725 3953
9362 594
7016 451
3108 8041
162 9429
1440 6128
6387 3560
5854 7287
5700 4368
9949 547
3386 2925
9221 5312
9495 5489
7976 1182
297 3696
1696 5612
1605 5115
4449 1541
4891 9694
2044 2892
167 1162
147 5287
1176 3610
9305 9968
3716 4709
2000 4820
7154 8403
4035 6722
1592 904
9385 8799
4208 2172
5384 7138
7578 6004
9432 5127
6680 3256
7810 214
9642 7592
1583 3941
8526 8344
2053 6030
6155 1389
3180 4093
5695 9853
1346 2540
5665 3786
6917 5020
1199 1186
4188 7155
5552 2300
319 2996
976 2186
6918 7715
8943 1202
2916 3917
7942 225
3904 6939
7906 9009
4537 1894
7143 573
5904 7681
4210 6126
6173 1451
6164 4552
7117 5286
4804 9785
5335 7639
3645 3594
5684 9645
7785 6045
2659 7206
6503 1710
8811 9832
8812 3918
1552 8969
5685 1754
5372 1877
7054 3787
4113 530
5279 7904
2409 177
1066 5747
5295 3280
7047 3519
1464 7515
5535 1381
5140 5796
2632 7186
4230 9087
9755 377
7685 7547
1233 2951
9210 7060
4219 9784
9399 1748
8476 1552
8921 5280
5252 4586
6720 1432
4981 1860
736 4083
9737 8573
9042 9234
3887 8367
4493 1513
1608 8058
7377 5028
8072 6719
223 1196
502 6803
5777 9848
8137 2549
1914 7901
6825 5164
1983 3606
626 4705
1984 1973
4986 4063
2868 9682
3258 5109
9927 3460
5563 1792
8713 2937
4289 5707
153 6609
8925 7833
8494 4307
3199 2110
7896 6134
7986 1238
2934 5121
5346 8671
5096 9181
349 3918
4195 3731
6820 8140
4894 6759
6326 1270
7539 8343
8719 819
1824 9083
2891 8155
2396 8286
8785 1569
1948 202
8351 7986
2565 2116
205 4570
6088 554
8401 3541
2869 7902
2456 8818
4700 714
4600 3605
1732 5927
9991 3827
6112 2647
6560 6479
6729 2420
6609 2038
7361 7940
624 4551
8362 5771
5075 351
510 2980
6767 5994
8331 7602
9185 8153
7385 6167
3199 4619
8429 9320
2592 2089
4377 710
3129 142
5674 7650
5853 1465
7372 4248
1512 2253
6674 2317
2148 7483
9986 6515
5054 5993
2014 6886
2968 8998
325 3858
6048 3594
7557 6852
9803 1684
7122 20
8035 6864
2245 572
8515 1570
3843 7454
8804 4320
8102 1700
2736 2634
4946 2544
3800 245
5314 8924
9726 5742
5920 9749
3766 1200
1021 6896
9590 807
5529 6338
6150 6832
7784 8802
2179 7114
7551 3870
2148 2406
7787 1411
8356 3446
2554 7254
7939 4333
9479 3024
9277 545
1245 4271
6509 5621
1600 7888
8455 5713
8775 8677
7545 5427
7233 6343
4504 8618
7075 6668
4284 2729
5844 3765
582 5987
922 7951
6751 9728
5291 820
4787 3144
5715 3181
4443 7629
8118 985
2534 5337
3606 6237
2258 8143
7386 2763
6516 184
8230 9390
5196 1873
7991 9296
7800 1662
7239 49
6197 949
2483 746
7224 7078
5249 7357
1871 7248
1454 2826
8483 9777
3849 2086
2724 617
2679 8709
139 2514
1667 6037
9207 1767
8287 7994
2279 4712
5787 4079
744 1714
1841 1813
7627 43
3528 1091
6915 9032
7348 490
2478 8195
9825 7380
9392 9276
1465 1580
8392 7629
7425 2248
6358 9083
3029 7435
4099 3114
8353 6998
1309 1332
8881 6337
6161 965
8664 4857
7544 1772
3196 7132
6111 2597
4369 4454
5219 2223
382 6917
5412 5288
6930 1885
4486 9544
7362 9342
8547 5254
7613 6541
283 5986
8779 5857
9510 8548
8825 3180
5882 5355
7498 5628
2214 5706
7975 3103
7884 7623
4316 8239
4545 5602
5725 6855
8982 6862
1317 5179
4682 4119
592 7302
2690 2913
2377 1337
45 6976
619 4847
1451 9254
9997 4762
2464 408
295 9222
8736 2057
2283 3783
2163 5753
7954 8489
4136 5392
4689 7431
221 7589
2926 5490
1892 4992
6762 2278
3782 6739
2044 4782
9686 5764
3948 9422
8545 3329
3938 7506
9354 6328
969 4375
8359 7002
9012 8843
3981 8685
8954 650
7849 4720
4104 4852
8686 4851
4105 3610
256 9288
5812 3399
8493 9391
7155 6574
1459 5390
2042 3089
5643 7804
3800 2481
3644 3305
98 6298
4761 1706
4763 6864
1617 2862
1713 5404
3966 2676
9022 5301
5935 5076
6940 9991
5320 7523
2770 6768
9980 7958
8530 5459
7527 4050
5004 713
602 6989
7955 6334
2174 3597
6196 9534
419 8825
8643 4909
6772 1341
1776 4759
987 1933
6563 3886
3490 9842
6307 6363
1711 3012
9286 1877
976 2529
6337 2494
2537 7326
2175 2170
6977 5716
3981 7258
5331 4372
1080 6415
830 7844
821 2614
3618 2264
6323 7111
8465 1908
6791 9957
7535 982
6772 35
681 1700
3332 5342
6762 5168
9999 8069
7777 9916
4181 5710
9287 7985
8805 9347
5877 7344
2600 814
7258 8864
2519 607
9017 6345
7228 5486
229 5898
149 1703
2410 6510
4394 3753
6586 3407
6269 6707
7557 789
457 3246
5570 3324
9437 1421
8373 4510
892 8112
3971 3097
5682 1888
4972 2639
6248 8020
6664 2095
7230 617
9299 2727
6686 5402
4320 8923
8747 786
3158 9522
6634 1504
3512 7946
1704 8261
6455 3708
1349 6426
3115 2940
3285 3231
3378 7814
5520 8855
3644 4894
8428 5986
2179 2915
7653 8870
3296 4706
5382 5000
5859 762
2464 1121
3424 1291
8289 4230
6869 61
2135 2485
137 8502
9456 1329
7016 3109
1782 8201
8978 704
2834 4142
1535 3484
2256 9827
7709 1124
9558 5201
9758 2521
121 9937
8484 7272
8903 9177
5064 6390
8992 7263
8733 6530
5538 9392
2920 128
4743 8730
8217 6451
9642 2797
8312 473
7239 6697
3099 9654
8246 2832
9982 5805
7188 2686
1851 613
3697 1471
8761 258
9747 7978
859 5412
9022 4499
5424 9435
8428 8740
3580 6525
3797 5717
3995 7385
6387 9577
5517 6695
2606 2700
3733 7971
1768 8922
924 1750
7292 1590
3331 7928
9230 5815
9933 7641
5644 2693
6247 9389
2532 5371
5263 1453
3591 1672
2585 4624
3198 3535
449 7139
4105 7955
6835 1491
4302 5325
6604 1789
719 6111
1103 3191
6746 5166
9709 4044
1791 2554
5100 4151
2634 18
6971 1431
2458 7999
2291 311
8070 3734
5913 7975
8415 5804
5313 6169
8405 7665
2689 8716
3299 2066
6443 4605
9038 7
1793 4800
3646 2414
9491 3255
9696 1425
957 3288
8815 6627
3090 3181
2177 5314
7890 4230
8871 2739
8431 6390
276 4126
5191 6708
6459 474
9265 9718
2999 4559
4840 396
3788 9847
2385 53
2930 1788
6089 7332
5530 7746
3406 223
828 4917
8926 3394
9262 5697
9122 5645
5689 8822
114 674
8620 134
4620 5135
7567 182
5433 9568
2643 3770
6806 5352
318 7047
2239 7215
1113 3290
5667 1486
7115 2673
5904 1728
890 351
4300 8195
4204 7400
5045 7948
4711 8284
4478 190
583 9567
9313 604
9358 1602
8891 6071
2202 2054
9080 933
7971 8755
5577 821
1320 231
1559 9778
8009 699
5751 3523
7992 4682
7248 1088
5310 29
1554 4526
19 5610
9815 3582
2796 1380
6455 6576
5042 7441
4344 300
3411 5887
7136 7619
5539 9127
750 6151
341 8756
3833 8505
6313 4306
6229 9312
6615 9803
4328 7039
1311 6753
2730 9458
6086 8145
5875 1014
4720 1300
6667 1932
7030 2902
195 3750
3564 6885
2382 1222
8273 9642
8299 6555
1359 2496
1914 7689
6189 3047
3479 1863
5016 446
7624 3035
9984 8417
6965 2936
2877 1892
8376 6620
6778 2893
6485 5059
1143 414
8070 7486
6551 2354
5412 9011
7338 649
6629 8978
4915 371
4804 702
9539 5204
6760 1565
8467 384
6738 4845
7553 963
3027 8105
679 6694
8721 683
1942 1258
4732 6338
776 5700
2978 1925
3933 4448
9470 4034
4922 4552
5955 4684
7566 5950
9108 9917
3661 4927
3754 3530
9865 2410
693 5348
2223 8604
8937 2673
8275 6692
2477 6543
5040 1728
5153 4054
231 8952
5261 2432
6046 4685
1885 7832
1229 3303
9931 4317
3182 2645
5508 1230
3950 4749
9585 6835
5726 890
7238 1827
356 2961
7462 6045
7375 9289
9013 1016
8846 5263
2511 8545
7049 4374
4067 3130
2570 12
1404 8652
884 5501
9183 9733
251 9407
2948 6949
2008 3084
5342 7675
2270 3988
9560 3265
5249 6762
5313 2512
3570 3619
7814 6326
7305 324
2277 2099
2080 5125
9438 5714
4282 5617
3172 7159
1103 9703
6325 454
4087 9335
1386 1881
5217 6593
3654 2281
3905 9043
3439 8029
762 5887
7501 494
509 573
5866 7217
9351 2201
1367 7252
9272 7988
979 8026
1985 1229
225 2606
4298 8040
2155 2277
9302 906
1305 4949
3969 4677
2394 5300
8580 3470
2082 5475
3479 7625
1077 8508
3395 834
8247 957
4777 5132
6129 3562
818 4262
9051 3878
3185 730
2342 144
1633 5384
9390 9315
909 2324
2728 800
1404 6568
9848 8322
4083 7351
3053 9534
5146 5384
3291 456
2222 318
2675 2628
6295 8486
8469 563
7820 3261
8811 3842
4707 1479
5573 860
9274 6284
2075 7938
8361 5888
9301 7353
9831 9758
4620 4424
3162 9709
1669 9570
8885 6290
1218 3046
8027 3271
5621 5874
806 3144
8547 4179
8204 516
8784 4729
5117 3472
7429 9771
7937 1205
912 6782
9187 2899
3486 6998
816 961
4124 1742
1126 9860
9318 6433
9996 6437
5579 5736
2472 5417
9547 4611
6251 7956
7852 2508
7031 8067
1296 4466
4359 135
5881 6064
7645 1763
1921 7048
6729 9143
9463 6166
9202 4266
3301 3347
1309 2304
8035 5752
6877 5129
3691 1287
5832 4868
9079 5447
954 1584
3175 8249
9344 8443
1942 3969
7963 1287
9114 8590
969 6813
3573 1821
6587 3219
1856 287
2148 2623
1618 6305
5023 6688
4739 8450
7594 7662
2278 6077
3014 9107
8433 4486
2799 6707
5962 5106
4393 2291
2778 9272
5078 7067
2602 8252
9070 3439
5273 4858
9531 7651
4189 1324
7080 3827
6397 7671
1886 7044
8140 5731
6686 1676
2561 655
5191 8904
2500 459
3296 6333
3043 2795
2534 9026
7974 6878
4408 4925
7757 4782
8507 2829
762 4599
9213 5321
2031 6494
4342 2209
1806 5603
8402 3236
9648 9814
3707 7993
5443 9760
7117 5739
2708 8584
2535 7216
48 967
1359 3736
6545 4592
8429 205
4016 6683
9577 545
3111 730
5907 5568
4827 1607
2692 9372
9019 9389
9926 4354
762 2051
4873 774
7747 4907
8937 6214
9918 8579
9508 4180
3120 4373
7984 7768
4502 9950
2451 5221
2308 8796
5813 8557
7966 3211
3421 9635
7020 7832
75 2251
6923 3587
6061 8818
4505 9338
2290 1134
2935 9297
7234 4148
1412 9395
3332 4369
6757 2487
4955 2848
6895 6231
315 6065
6904 6486
4744 9276
7638 1267
8889 8274
9167 7066
5199 8166
740 4869
1276 1235
2249 6862
170 820
6112 8357
3067 2551
452 9029
474 613
2721 509
2366 4773
9444 1078
8815 9146
3490 110
1780 2468
8248 1222
4550 2487
3078 2599
4701 1086
940 2877
4139 541
751 9381
8102 4969
2999 4389
3341 3392
7912 5008
7115 3415
7294 5435
8804 1260
4305 883
1466 2110
1339 7380
8118 4502
7462 1265
7606 5136
5536 8249
7011 5840
4455 9937
2562 1728
57 7920
8406 272
5656 1496
