4382 2357
2339 289
4109 2280
16 2123
4810 729
3456 2287
9 2410
347 2210
2287 3637
3325 3856
1709 3817
3098 3470
3031 4411
2265 2240
3137 4253
46 3391
85 3758
4380 3302
183 4579
749 2626
153 743
4247 2919
183 1364
4294 4589
1131 4832
4054 2387
3469 375
1549 829
4280 4786
4363 2340
2067 2991
2571 4481
25 211
934 2866
4795 1450
2056 2974
104 3640
1228 1299
2493 1434
1699 2049
1557 2073
1432 4603
1840 4657
1048 3398
2198 3437
4961 2150
3811 2116
717 406
258 2491
2731 1673
2573 2922
496 3312
1297 4191
3180 4226
3408 3051
4857 2549
318 370
3721 1110
4061 3866
4481 2797
4991 1310
149 3668
2537 3977
1976 3519
62 1522
56 1541
2638 4274
1721 3754
3147 3320
2025 1495
4193 1044
2305 2873
2360 2966
638 81
661 798
3828 4998
1221 2757
3030 2670
2061 1382
2112 3310
968 4555
1516 689
3209 1519
2724 3812
1019 1821
1269 1898
2743 3921
1343 1326
4990 633
3781 3576
4805 616
3609 487
2070 290
2284 2030
461 313
3414 2410
1615 3820
1035 1365
533 3278
4335 3722
994 247
2424 2485
1423 638
3183 1552
4422 61
635 2670
3344 3803
445 285
4052 3419
3195 4971
1327 4917
2267 3673
906 4163
4949 2045
3436 2058
1778 1912
80 3485
443 3649
4523 2861
1437 2676
2729 2556
2002 1502
1105 2067
4961 2246
4120 1094
4886 887
1772 338
3363 1000
986 1758
1348 2429
184 200
2304 1261
2419 3559
2231 1320
1049 1722
1741 3485
4731 1683
277 2072
924 2798
4517 1264
1532 2407
3359 184
4999 1434
601 977
4997 4827
3273 639
265 1678
846 2593
4955 2925
3015 3805
3563 4938
4199 1971
533 854
4006 3635
4474 4110
2607 3869
2451 4749
2789 1337
3798 4576
4426 821
4937 1863
917 415
679 94
1083 2555
991 4367
4337 3250
4515 2647
3981 3895
1531 3444
4415 2559
943 194
2470 2749
4479 1916
2407 3638
2903 1365
1188 781
3148 989
1804 132
3926 2001
183 3505
781 2329
3763 1067
4655 3
1079 4422
2941 2585
3810 4809
1126 1287
3064 2652
4837 4913
3128 2822
2282 1523
2008 4060
1700 4448
3740 4011
987 1428
212 2065
1027 4533
519 1171
244 2042
1708 2849
2043 2834
4071 1306
332 4999
3834 4907
167 1047
4289 1634
4297 2748
4622 4183
3638 766
3914 2751
3968 4284
170 1623
1451 3025
2307 1972
4481 3601
1354 3866
3808 638
1395 4657
3593 465
4542 1720
1879 1564
387 3265
3036 1521
3334 1368
4042 315
984 2605
3991 956
1541 4896
4375 1952
2920 2417
3713 3564
425 2439
4898 2715
366 2084
2677 4518
1362 1835
3917 1921
4642 159
4226 961
2327 2599
1401 2280
2950 2824
4665 4243
2841 3079
4565 853
651 3864
1249 4904
4251 3823
3501 1005
1575 2184
3796 4349
2776 962
699 3934
40 4049
2234 1062
2891 3273
4659 3990
953 2471
4566 4625
4797 3016
309 2826
4727 3059
4089 2303
2582 1828
892 456
1763 4921
4820 1229
1280 3605
2097 2325
4508 3932
1334 4828
2053 4755
1639 772
1180 1741
197 715
3762 4023
2953 2682
2498 4202
4424 3478
1216 3458
4037 4044
3979 889
3650 2870
4304 2464
3556 1744
502 4787
2033 1104
3696 2281
2110 3652
2535 4343
2974 729
991 1711
1412 3863
1408 4329
3103 713
1911 778
3435 3685
3607 4574
4522 3278
2776 81
838 1047
193 3087
1556 292
3208 3649
4280 2279
2642 2980
2773 4809
3180 4801
4411 2932
1409 180
1873 140
4240 3804
3928 2278
2232 1136
819 1581
3280 2678
2324 4042
785 1761
52 633
2732 1112
3839 2793
1470 2396
1422 3989
4916 3929
3053 1693
4998 3608
1218 2551
4425 145
4876 2238
2770 3045
3078 1374
2794 2214
1303 12
3181 22
2054 1710
3924 3165
4984 4897
3312 3608
2312 2902
2882 3564
3897 662
3817 3302
866 1328
3833 111
4437 3088
6 3561
1991 4370
1351 2924
295 3343
2829 451
422 2399
3733 2185
2980 3186
2010 2624
4185 172
1611 2343
3434 864
1209 4844
2223 2820
2399 776
3445 613
3600 1720
1499 2508
4501 1442
4734 1807
1392 3036
1262 3177
1286 1084
2064 4396
839 4986
3712 589
850 4388
4829 940
3090 4544
1644 183
122 1015
2488 4540
4209 4948
1419 2083
1147 1557
1268 907
2807 2079
1388 3949
1050 2492
3914 314
3322 395
1481 225
3139 3209
3034 3083
1090 2592
1086 3654
130 4538
1834 2472
4976 4217
233 321
1546 1958
144 132
3841 4365
1355 4853
4431 3021
3348 3090
858 2747
2561 2200
4771 1220
3583 3233
4412 2436
3729 1974
634 1961
3104 1167
2281 3843
749 649
3505 1680
1259 1033
408 2799
832 1769
184 2700
4057 1338
4903 3744
4954 4362
3464 1224
3108 3549
711 2418
2153 1703
1457 1636
2939 567
3792 325
4321 4458
4052 788
376 4703
971 1386
3813 3337
4428 1589
1016 2420
2259 219
1019 4131
181 1232
3920 4239
4346 4185
1563 545
4651 2209
3353 1659
392 4621
4874 3480
2663 441
941 3618
1195 2358
4259 2086
854 1356
1639 3622
4630 3396
2539 4784
4900 705
2754 4800
3554 4249
3051 4048
3992 936
4604 1489
2355 3642
1441 270
2520 2169
4841 1875
2007 3519
894 5
236 993
4383 1874
3865 1159
3511 3045
4216 1892
346 2452
2603 117
115 3108
758 4724
565 1519
3299 3101
862 1788
1767 2559
4443 2191
3057 1800
167 4128
1203 4926
2133 4129
1142 3079
3290 1816
2772 3769
847 222
840 2389
277 3484
4435 1849
2109 66
3573 1795
3746 3777
933 1596
1175 676
2456 797
4247 4083
2717 55
1357 246
2618 565
3840 1851
1960 1141
3350 3088
3045 91
3128 3019
4605 1960
428 22
1516 1032
914 2760
1021 4880
3880 1958
2695 1139
2755 2931
3541 1574
3208 4539
3336 2861
3378 4591
2752 1202
4275 448
2883 837
3554 1974
2353 930
4669 3148
4960 1139
1458 570
3185 3925
3405 2248
4376 1230
99 79
3823 4388
4509 4015
3557 4029
87 3613
1236 2099
19 3869
614 4147
3961 345
4266 348
313 3951
2940 657
47 480
506 4973
2311 2802
1770 2520
2122 2465
1985 1128
4798 194
3242 2356
2400 4736
3254 4760
1034 3547
1286 482
4557 1985
514 318
4279 1258
2084 133
3313 2825
1336 3078
2891 3230
4094 4552
2214 2507
753 4346
249 26
1149 2346
1515 3956
393 4900
4665 2680
102 4281
4231 3906
1205 2915
3288 492
2946 2329
1798 3008
2145 1230
379 775
4726 3160
2162 3220
2177 2513
4879 3600
3866 610
1955 1609
1974 382
3962 326
477 1688
2756 438
1893 3914
238 2322
2571 1791
2130 4952
2008 1310
692 191
1739 3766
4214 12
2553 1357
3919 3051
3963 2691
3187 125
2820 2779
2848 2585
1493 2854
3156 311
4076 3790
4794 395
182 4932
4856 2927
1913 3915
1641 335
1092 1691
2890 3378
1085 2461
2992 2107
1199 241
2863 123
415 1494
1406 3757
2857 935
2826 296
1197 1481
46 2726
3395 3192
4875 1658
103 3775
974 659
2213 1037
3901 3223
4359 1259
4864 1094
4054 2335
1798 4656
1744 162
2854 2097
1582 4836
2542 1486
4209 4175
2397 1652
4821 2829
4675 3644
3775 1644
552 976
1241 4593
987 2072
463 635
3381 3402
2683 3999
2295 2718
428 4235
2503 251
3462 595
147 2975
2118 1952
4521 4546
385 1640
3614 4777
1420 3704
4927 2240
669 1459
1424 675
2584 1160
147 452
4993 4447
3065 3782
3616 2303
3606 2045
2414 1843
1694 3588
4071 4945
2331 3608
3286 975
4075 27
2232 4313
3975 46
718 3740
4396 1168
254 847
2294 1684
1250 4080
1518 190
593 4299
4377 389
1416 2678
91 674
4243 3772
1790 1035
2238 4623
4584 2925
4907 3367
3011 4946
1367 691
3852 122
204 1472
3456 2134
750 318
2005 518
2438 4343
246 2508
3504 2318
3428 1214
1497 2173
4226 4933
120 3223
4390 1731
2471 4845
3245 3385
4713 223
1582 4766
1771 4191
471 1418
4717 1796
264 2591
4210 1590
4860 3860
1059 417
3187 3103
2258 2860
4116 4797
4558 2055
2959 2239
2930 3862
138 1211
3544 2461
3878 4804
1685 2250
3754 250
3243 2633
1480 1836
3095 1316
4382 838
832 305
4674 2122
2962 1612
2408 2254
4990 3336
683 4864
2195 4412
1465 2509
4940 278
1374 3747
2829 3007
2628 3217
2588 3562
3553 464
4199 1737
4022 203
4248 3011
1575 3295
1004 1863
2914 1540
330 2265
2981 4882
746 4363
4989 4891
3972 3782
3326 629
1227 1127
2403 4908
2178 4376
4171 1015
4856 2986
4348 550
4972 3517
3100 1683
1111 1224
3163 4966
1682 2128
3216 2206
1608 4960
3375 1128
2340 2341
4471 3159
486 2266
4617 171
1365 606
4706 74
3518 251
3622 3405
4831 4821
3579 2270
2966 922
2798 1012
1545 2866
4363 3131
1575 3644
549 2676
279 4132
1126 1421
4671 1427
848 2502
818 372
4129 3438
3554 4089
3339 1344
3022 4091
2804 4578
461 951
2767 3358
3686 208
2475 4287
3641 3485
4460 1248
2074 849
3245 707
1736 361
1811 2414
1398 3831
2776 3395
284 4059
329 3088
3452 3234
3658 3491
993 2963
2892 2386
4149 1507
3060 4539
256 2456
3323 1223
854 4217
4693 2873
3785 4839
98 4479
2410 2229
2296 419
3214 3855
2485 206
1900 1830
434 4608
2349 3038
4121 3288
649 3303
1502 4791
1697 14
1331 3871
4971 2155
2267 3707
2999 3509
4914 3707
1275 4853
3786 418
873 2742
3498 1229
3542 2455
4984 4151
2969 3103
1658 2527
3403 4537
2273 3377
3914 782
473 4684
3027 1597
60 708
4941 1380
2083 764
1760 1546
100 204
3691 3953
1414 3499
4817 1988
4286 4623
1790 4988
3575 4544
2949 1549
4573 3996
2281 2345
2013 3999
159 4528
866 1740
4015 4715
375 2468
3299 2133
4359 1240
3153 2642
2605 4643
3918 4962
3516 3810
4641 4870
3340 3747
1827 1693
4912 4271
4290 1147
4694 2223
398 4357
363 4162
2822 3402
4724 4713
1658 2599
4605 2776
4696 2682
1610 2565
3523 2359
3861 2830
3930 2771
4365 912
1983 4719
3349 1372
4875 2390
3139 3191
1653 4948
1355 4723
3969 1086
4909 2081
3547 2417
1034 1988
4926 3000
14 1447
1338 2103
4057 3412
1800 1274
546 3562
2155 1165
3790 4220
3755 4943
4176 274
4885 2134
3046 4119
2923 1768
2796 2074
2085 4412
3214 1730
1350 1918
4643 4851
83 3832
1917 3083
4086 949
3775 80
4108 1012
706 2825
3590 1003
1060 3417
1413 2119
2237 3733
4942 1225
3419 4931
3096 3369
2699 2739
2331 27
2132 3237
62 4997
1749 3857
1742 2308
356 2993
4033 4965
4576 377
4195 4530
156 1044
3303 4306
322 3231
4005 103
651 2661
405 3260
3730 3331
4993 1702
1991 2958
381 2567
3331 1852
2778 3120
2433 366
1686 3714
167 3298
4875 484
3260 1070
772 763
2891 2197
947 4007
1492 4260
2026 2842
1006 1395
2184 2638
4747 2397
2515 4332
2712 1040
2634 851
4684 2258
3981 4959
2246 4885
3317 631
2410 323
4549 1728
1389 2670
2758 2362
130 3834
1707 4045
3133 1657
4205 1466
3025 2282
2573 832
776 839
2321 3876
346 2144
2686 995
2832 323
1398 1281
2711 542
4340 1342
1217 4679
3002 2109
2988 1728
911 2640
1562 2462
4339 2474
4674 1096
1169 1757
4103 1319
3364 394