1442 4368
6172 879
3194 5438
5994 8617
3346 9894
6964 3940
5346 8913
3040 9481
9119 1280
5968 9774
8906 2811
841 5307
5489 4392
6602 4969
7289 756
8287 7221
8377 7142
9580 1043
950 2240
8369 6374
1581 5319
4629 5194
6947 2546
1405 6253
8235 8864
4894 6320
8183 4084
4713 3673
8319 6340
931 2562
2896 5816
9666 505
2602 396
2345 2698
9413 8714
1603 7369
252 147
154 3872
3670 9731
2814 2490
8206 2614
2806 674
5214 9859
7840 8312
1900 3499
5652 9891
6992 5079
5925 8386
8469 2696
3073 26
5399 6114
7803 6593
5170 1417
2943 3905
4786 5187
976 8782
9426 6587
6239 5577
8105 4617
592 3970
7971 8057
1811 1962
1132 6799
3446 6106
5619 2073
7802 4718
3167 656
5448 757
286 1673
1981 1589
8584 3404
6899 1609
4729 816
8643 4644
5714 6944
4846 7941
6371 4527
3542 7511
1288 4741
843 247
4184 4040
2907 5208
2043 4049
7530 8320
103 2179
2675 6479
9109 3264
9321 7000
4872 75
845 3662
8548 548
9906 4949
6122 2900
8357 2822
2058 3412
7762 923
3584 852
325 7843
7991 9401
1519 616
7628 8391
1799 2887
8150 9438
2227 2652
8459 9936
4733 9349
1573 6903
9836 2485
6289 5868
4487 8875
2068 6440
8247 8440
5065 1735
9687 4357
3515 7075
9642 1178
885 3188
2627 3206
9031 2201
5459 8557
7699 8243
6891 9871
541 3419
6931 9574
9719 5743
6724 7439
3343 6562
46 4419
8513 5134
7548 8847
3376 3712
4372 1670
3065 7884
9558 6056
2963 8521
4327 6843
2187 3085
875 6206
1990 9830
9283 5784
911 4905
3237 8905
8313 5160
5797 6077
377 8155
9204 6369
1786 8269
5785 793
8604 9743
2475 9070
2813 814
9881 5022
7580 5786
7777 3790
3581 5064
2356 6023
8034 1126
4783 9446
7106 1019
3740 8580
6793 3788
597 4348
4951 8995
9183 9965
1931 3500
9070 5476
6117 784
2987 805
4965 9424
8127 6852
20 222
22 7975
4056 3432
9653 7622
2546 3508
7298 1210
5988 1774
2192 4118
8819 9096
5191 391
9310 1067
8498 9449
9280 9278
3194 7074
44 9361
5237 1886
9395 580
9021 5932
739 9055
3476 3236
4767 6634
810 5448
8851 9479
1387 9981
9973 5657
53 4968
5513 6950
8902 968
2662 5471
8801 3350
837 7837
3238 6420
6682 1604
1156 7380
4137 6072
1087 2682
410 5429
5138 9144
1583 2216
335 9296
4034 3568
546 2249
7552 7636
8626 1593
7805 7251
1437 5824
9252 5151
1305 8006
303 7031
457 4312
8450 8541
3836 4243
2279 7981
3306 2393
4827 5950
8493 2503
1267 7711
9190 5490
5853 2953
6960 6974
8517 3844
4512 5958
8047 8939
5323 7480
4301 7982
4112 5489
7015 1224
6130 6727
7174 9526
7551 209
6181 8822
5920 7401
394 4024
8199 3918
692 91
1634 104
7729 9026
6499 4122
3790 8162
8179 1627
4526 2169
8771 8986
5871 7358
914 8781
9078 3945
3131 8826
4665 6412
2774 1070
7755 593
7806 4611
1292 4628
8574 3262
7857 4502
2711 6633
2826 7639
1136 4395
9956 6733
17 7767
8585 5440
3833 7575
3148 5799
656 5226
9439 9184
7850 900
887 9971
3912 6400
214 3886
1567 6143
3943 5783
4075 2578
1771 6571
5435 5032
2637 7660
8483 9341
7995 3329
8208 7361
1354 1494
5648 9984
3011 2139
5640 3641
6853 3938
2476 2896
2904 2178
5001 9940
6913 5007
8922 1441
3448 1662
9057 9201
4399 8401
7726 6661
1251 6221
3889 4058
1005 4516
4442 8177
6069 8885
4668 7009
8736 5653
7600 4027
9100 7684
1640 1574
4665 2870
6972 3354
6407 4470
9926 6567
9875 1762
7813 1192
451 8503
8245 8226
2051 3213
8915 8061
5407 1053
681 3879
6112 9116
5330 7049
7405 2975
436 2614
2364 2361
4320 4304
3826 7128
7233 9116
8956 5100
3620 4609
1646 9633
7838 2269
3163 5647
8466 2967
6749 2823
1343 380
2688 3543
2641 67
3977 4421
5873 2552
3626 3638
590 5658
793 3275
8138 4862
6641 4173
9773 3170
2085 4972
604 2541
4599 4929
3387 4552
8314 7018
9458 5423
4223 1605
4993 3610
7110 5477
8415 6432
7700 3249
2899 9032
8081 3061
9986 7579
2917 6013
6801 8727
8930 8051
1434 4579
288 8375
7688 1018
7240 6200
9529 3824
4200 3424
1174 8912
1445 5375
3208 2777
239 2115
7506 8575
2940 5108
7815 7017
3520 1510
6417 80
7670 5074
4359 5967
3291 6700
6612 8686
5648 1780
1986 3782
2188 4987
9945 9050
3865 2540
7463 4409
7940 6850
7431 5927
4529 1261
8481 7910
8276 7450
1390 4435
4788 916
9753 4517
5529 9286
7083 921
1519 4294
9370 6540
9804 3754
3374 508
3593 9757
8866 5291
5665 8125
181 6222
7356 3665
7760 9850
7484 1339
2695 1961
9356 4285
3547 8996
5494 5124
7362 4202
2835 3475
1972 5691
4387 1690
8479 360
9924 8536
3550 7381
9163 326
1415 3952
4490 2794
4222 8156
5291 1178
2500 4328
4070 9541
9732 4503
8592 5704
5376 4320
7068 6103
2537 6972
8042 5330
3911 6603
5162 9220
8814 6143
1682 9017
8023 6419
6123 3213
6174 7234
6995 5575
7472 5802
2619 4217
8600 2138
1537 6845
3029 2816
2484 6844
8476 8805
4275 1027
8252 4520
6792 5931
299 6951
9394 4418
8087 6319
5791 346
7293 3547
3518 5611
9163 2819
9831 8094
1561 5818
740 2271
3092 2523
1365 9074
4633 449
3617 7210
942 9852
90 425
3661 6686
8603 3864
7254 8084
3668 4542
4513 5499
4624 2920
3618 2778
366 9294
8941 4384
945 184
5693 6268
5539 2616
2296 4420
4070 158
3080 2750
512 3507
6083 6465
4705 5369
2752 7091
9018 5998
2850 2929
3157 2497
3916 8718
8343 876
2344 2234
9163 6648
1093 7320
1845 601
9070 3650
4484 2701
4870 3082
2914 566
623 6229
2039 4264
5260 9923
7728 446
4785 7184
2981 462
7900 693
1671 2900
6152 259
6203 6423
9922 4934
9368 1686
5472 1489
6605 8181
1512 8851
6847 3178
2503 6334
4282 3332
7822 2695
4413 7900
7471 3888
3636 5709
9838 1775
9931 7646
7836 4122
854 2614
704 8603
1446 2181
3471 5031
7276 8253
9175 3151
337 1518
37 7925
666 5981
9717 8082
2526 194
6384 4754
6817 2397
4431 9408
558 8473
8347 4538
6816 5394
4247 8744
412 5567
3206 632
5298 3662
9211 8973
2804 5337
403 6759
8695 6628
8436 5492
1742 9458
8839 5734
8218 1962
6446 3759
7624 7294
7918 9085
2287 4950
5181 3705
3011 8712
3206 9225
2822 8953
296 7403
654 4164
9592 4252
6834 5550
4101 9470
2200 3983
7974 5051
43 8597
3243 4493
9046 7386
8014 5490
5499 3967
1326 883
2307 6598
3263 4964
8166 306
6468 6567
9649 6898
4965 4054
1932 9848
6164 5800
2690 7756
4266 6523
223 4944
6970 7402
7661 7992
3514 482
5125 4105
3018 9403
3213 8742
7858 8674
1646 9304
2635 6801
7771 2551
8713 3969
8957 752
5296 7821
6395 1052
3268 6536
8218 2580
3854 4885
1083 195
8599 5621
5317 355
8998 8668
258 634
3699 111
9704 2837
5867 4851
6891 8515
5758 9050
6538 1047
4969 7064
5305 5538
1314 6027
4708 9164
2852 4719
7014 2813
9340 3524
3749 1933
68 7344
2011 56
3946 2009
4306 8095
7630 1072
4950 8935
4627 1156
5701 5361
4989 4732
1104 4395
5148 5077
499 8500
7306 8900
2468 8451
6267 6263
6363 4196
1727 5544
8311 9988
6636 3328
56 4951
3871 6525
7468 5261
6917 1843
1761 9594
7164 9096
4524 7060
8997 6581
5441 5094
9200 8877
6703 9660
8483 4731
4551 15
6955 4297
8090 2052
7094 9460
6373 3961
1089 4225
9512 2791
5281 4578
3283 8001
88 8069
6731 3917
8761 1872
9199 8591
4110 8461
5470 9581
6525 5974
6530 1271
62 8154
9287 9269
3749 6604
7267 7175
2302 8141
378 2800
906 891
6559 60
6088 9559
9248 1523
2688 7453
5455 6525
1393 4542
7683 3405
3869 6826
5592 9618
3698 7883
4417 8764
9984 101
778 8158
2568 6844
1808 7046
3074 8607
3913 1577
9548 3701
3561 1501
3704 2779
7244 4379
860 409
7360 2025
4002 7035
4456 9119
6272 4956
8198 3427
5027 5827
5322 477
1511 5473
7389 9345
5964 8618
8565 9640
2537 8438
4210 8922
1047 2578
7986 350
8942 1161
1968 5306
9319 3041
3175 589
843 8393
4436 1050
7794 8253
6252 1873
2938 7624
9693 1897
1499 5565
5157 5776
5819 2503
3900 2655
2742 9883
3110 9444
3377 6407
6413 1066
7146 9065
2898 2537
6232 4383
1108 3147
304 751
8570 4523
3238 2557
8404 4324
2602 2082
9404 2878
7394 2206
5040 4951
4090 2232
3941 3053
1570 5193
1574 9115
8212 4366
7718 8912
9029 8740
3767 4877
9440 8932
2138 1600
1236 1758
9127 2369
1917 7664
8920 9694
9361 386
2993 1300
8758 6602
8925 572
4419 1589
8461 840
3020 5741
3106 3216
113 4113
4011 7801
2018 5259
5283 3233
1054 3842
1369 2483
2109 8300
2236 7815
7815 4698
662 5547
5933 8008
4427 8909
9937 6305
2858 6166
6259 7724
6968 3594
6437 6915
6636 6372
5470 1032
9123 3729
31 3628
2458 7717
8576 5562
177 2592
8252 6016
25 789
7145 1438
1366 4841
3875 1739
5738 8544
7443 3721
7726 2046
6809 5237
1444 9352
1556 1340
2269 6312
818 6785
794 5334
9250 4892
8083 4944
1569 954
2118 9118
6661 3882
6316 9673
9444 7177
1861 9031
6886 680
6189 2562
7425 839
7403 1198
195 6589
9521 1346
4615 4491
4145 1320
7382 3707
1283 443
2020 7925
8052 459
3794 7008
423 1633
4195 8683
1270 63
5198 558
6448 648
270 8402
8171 801
5129 7885
4757 8469
4249 3541
4325 9980
813 167
7394 1930
4926 6867
8749 8660
4214 8583
2566 1446
5715 8540
7523 2329
6343 5900
4874 512
977 217
2551 8888
4419 4605
2410 430
9292 5877
172 960
3981 9402
8443 2139
4065 8116
3082 2423
2968 806
9141 1918
9735 2885
1904 9685
9703 5968
1163 1026
5740 3863
4022 4388
7009 2660
9056 1225
2605 7316
5175 5431
3204 2270
990 4021
4680 7492
5562 1966
659 8932
3230 3247
7944 9628
6506 5779
7119 3217
3509 8886
4463 5081
6891 8470
3013 3558
9974 9679
4308 1031
9177 889
8797 8201
4903 2589
3502 3726
9267 3468
8902 7335
6642 633
5984 2516
159 180
219 7231
5983 8033
3684 1913
4343 4986
5445 615
3052 8980
9140 5623
7706 8981
3487 4073
4658 6672
7279 5438
5652 8783
4675 1603
6204 2745
761 4248
6822 3711
535 3618
457 8054
7641 4599
8958 5288
2747 9379
2378 8047
4911 9222
3871 1955
2775 4028
663 7629
5891 9948
7170 7873
7813 2382
7878 1129
2285 1730
3639 3650
2179 5896
7555 223
1980 5239
1541 6814
1691 3184
3956 8193
8841 7963
7172 1946
6711 3321
421 9557
4480 9349
3626 2175
5677 6146
1232 7430
851 1531
6618 6472
3940 2441
8475 772
1604 2236
1628 9262
769 6165
1416 6593
9992 7135
5863 7284
903 479
5574 7630
8457 3718
5051 7162
5732 9262
6043 3942
3677 3311
631 8289
8640 147
5414 2476
5048 8923
2241 41
4096 4511
8534 8773
5208 1202
5100 5434
3863 6254
7565 6546
5843 4386
1110 5315
346 1921
2981 6180
2335 8748
9734 6177
6858 9752
320 9556
7796 7624
5866 4808
3492 4060
5879 6734
3964 5175
4734 4770
4274 6920
6389 7998
8815 3406
879 6354
3996 1751
8196 9920
8873 8389
2427 1997
9904 4595
3848 2514
2933 5430
5723 3738
3953 2793
5583 1013
9458 3545
4965 574
2110 224
6986 6483
5773 6591