228656 328416
174608 52544
697761 169884
614442 958954
537364 841288
832173 917445
688715 674710
213488 933243
569269 625416
357471 425635
697896 146522
479379 693026
339871 581653
263828 855564
298836 571138
404612 995486
675248 548151
789691 114533
797543 606717
654236 478638
631455 410983
800382 978415
608918 278085
628122 325735
312454 906763
848524 98796
716261 713586
33283 347127
977754 843744
979785 494622
122499 652102
151850 525364
909134 996960
422382 136072
972957 161057
954490 280906
377367 169266
700299 189438
428153 362999
744489 512605
421092 796677
763409 855927
262812 820559
171088 21201
934399 370442
970451 634687
17179 107882
723842 866995
414968 821293
636320 237095
19632 748093
278970 29981
974605 747852
141230 257234
949527 9859
601206 327345
390387 773293
542054 687606
340526 334902
50505 958940
262941 850044
672535 59
926061 359675
567034 337889
543767 214487
326179 995222
810321 533642
33342 910410
39910 1079
797903 11993
35180 396842
698784 953214
124245 829642
664063 671781
600627 901413
707402 975144
668256 559499
799863 733500
183170 898038
53568 557844
987783 332714
80288 929768
99789 317642
588048 112081
225033 881508
878967 529002
231545 67642
324669 750758
16587 187858
899539 915944
150112 142072
206041 323914
921780 711762
886055 839902
158862 726936
910490 852641
921714 880878
716477 642828
116468 520447
604630 18421
941265 378661
605992 269088
517302 139198
802653 558382
729763 226780
396729 237594
142373 745275
30175 133557
412757 585626
467942 721390
174658 185547
318157 785865
158391 761184
171002 446992
647113 229813
51079 452601
399810 190293
129386 116394
565388 613340
624846 972880
869200 678859
908648 669529
164149 687924
879537 749103
487993 677126
787341 98846
552233 485145
799854 642634
238573 251136
439534 456440
478230 655065
952973 437490
922939 296378
12957 818261
720285 980253
986988 617219
981892 557133
830188 494350
56760 39108
547521 26600
598523 993049
460243 405373
376860 126472
564305 603784
233376 405801
658236 230579
477071 321033
41893 437741
501899 422001
380036 829958
356485 334573
975017 955540
985753 144647
134169 746447
933870 868383
113698 944842
876756 346615
424111 13046
544275 632136
293908 878071
131189 584888
740662 409151
913700 970141
332249 165878
268554 80075
936371 204463
911546 548143
119309 611232
804886 287011
197981 14974
536687 682723
716371 560693
5109 882196
395696 648344
823328 335390
689931 163967
440117 823650
805504 372009
190798 462074
450496 248331
835760 833838
441231 168288
873757 335696
193745 932030
747680 433712
556841 339882
518377 631873
132962 125762
102537 228625
505555 924026
496906 844045
322927 427808
738430 390410
424569 110571
305855 904164
539568 144086
904304 577842
741049 844207
269648 991641
988107 641326
220243 918656
981820 918277
554159 518582
614610 700148
949551 800592
924179 431172
585428 17459
417691 895637
932164 404027
278491 226058
837942 33336
834444 927258
422049 851888
160135 623838
769889 974758
89703 229774
867762 420825
363919 332696
26272 347404
95179 968535
85281 982415
419775 902083
208950 315299
601137 818148
622816 375814
819564 595769
873120 668378
65342 241373
313692 468154
61757 567020
206470 813461
842900 255502
293175 483937
18566 996143
764353 123190
653982 557511
163419 878310
135081 845223
348526 580675
503070 114169
448357 256412
335421 415374
974917 663090
740547 175980
699218 170142
229121 765386
198336 319330
951464 729646
973659 182918
130191 492252
165793 911674
224557 691129
725351 759316
628737 972213
284513 952264
744973 664488
625054 21232
751896 383075
764369 286
196466 38651
737910 580859
83919 712220
429559 333141
135609 27821
347836 895783
360531 271164
525433 458013
761403 170337
246115 923984
530791 283776
572146 550699
561686 820022
689901 776577
934236 735654
263201 500093
552115 226268
561477 150283
314994 798124
837608 423864
107527 219127
537383 770012
999919 146109
227878 120375
509369 774530
913831 661117
672782 544788
602545 72445
551982 723114
418657 781858
563557 996265
292888 109880
196387 858388
25602 814766
263042 792323
924608 314423
131305 195791
557724 575192
57224 27485
953472 381475
142637 689412
679244 345184
711482 874608
269952 16693
215842 758969
529822 940580
315479 371152
981846 30705
345790 688325
177405 53052
236135 731955
803724 382302
483119 347214
914010 1243
328801 356923
212922 591960
167217 958675
971471 335066
61775 155024
122301 577496
169841 291239
87932 568305
107626 635256
304354 12464
223171 505478
787823 732946
95455 497097
866969 985006
716726 681988
41663 405044
753655 542006
7506 860787
972739 60994
146071 846928
401530 938466
480849 586267
326201 183161
926083 622764
542582 254316
46726 202207
420497 62679
603428 778891
331085 339887
756861 188044
736164 120604
795205 652113
53916 105315
791908 847863
180726 872279
109275 421060
163750 700497
994311 959094
93982 155184
513798 310898
251529 879638
777925 579155
864649 245278
920999 447214
461561 408890
981138 158646
912210 460403
961673 255559
229760 383261
188938 365301
663706 754791
782531 644373
535939 894972
404431 620671
890942 92050
992022 400444
575548 222577
459012 890875
388226 56124
226619 315248
324588 490644
993870 871145
20352 165784
857170 140006
51734 350701
73520 220344
355172 86116
72467 686387
452813 470730
639404 136655
235247 508115
257568 814533
237830 358888
715795 222416
959355 35736
24425 312414
423196 241919
782633 895140
336168 111333
958424 83815
355140 115207
408863 20135
256539 622295
717680 74575
712089 671984
517714 411570
846174 432769
144349 627446
524760 83167
645084 984394
758139 654102
128993 385184
769732 265024
510341 524981
892129 180182
722657 401413
320524 336913
489879 893919
636956 993474
899397 70409
386591 420485
724756 619073
164729 638207
80066 18330
391524 679241
166161 497384
201785 856468
486012 647066
10395 528530
485379 996015
712373 584135
48064 367090
910914 49510
801034 460167
662207 441191
736387 645246
275603 223597
491109 465384
41998 243743
670365 67665
637375 460207
718435 563068
695623 733272
668449 946137
731287 808790
309425 793187
920861 762101
193309 679976
588765 280449
212059 941239
452836 960329
942051 683264
253150 984955
729087 104200
81051 478595
774358 491109
249484 448433
874674 329017
347204 359292
334775 660952
627291 401687
309203 730837
332675 531051
956859 202485
370694 518967
490764 789233
122597 338884
630987 783997
43181 752067
469769 314465
428488 541779
240839 388738
189668 774394
288487 860204
768856 128871
668444 448551
581319 282342
493649 7378
681008 997010
282560 914882
439644 685825
138181 409564
904820 62842
475190 118969
363266 486859
486034 701695
389151 96492
136578 433950
579468 652346
230970 605867
826181 82541
838527 970847
125843 718635
769023 358277
855185 837013
90586 20414
991181 992652
664026 656486
677510 889943
52928 213929
906356 743019
995526 216612
700434 802827
157534 214399
779290 835160
935226 199816
980943 328947
410877 677371
483662 15918
111685 902996
362617 904779
331867 69183
773918 718034
210093 291050
811241 740023
437430 322226
438277 618816
439055 137156
560908 212282
130778 597193
961573 528618
22670 148725
440801 586404
464817 824285
934435 829120
472331 405033
870933 410181
324545 102992
183427 291761
658451 122530
955803 484833
752355 562167
292784 20466
832864 500963
595697 674881
718908 705981
822846 94332
339279 923437
170880 874725
250795 548921
645673 770261
959997 521661
827831 741890
420517 472265
520070 780687
385059 263819
892261 510892
135516 554914
627805 131862
683005 752175
734290 589976
272257 988909
177635 37435
630681 97685
396772 98851
477287 911971
100494 324306
831437 338543
525640 943212
171039 221971
656643 564648
918211 638340
835800 966670
214411 517506
791081 383146
705071 771444
984821 950784
991529 337508
785447 60936
3258 504818
570598 612788
160317 522025
941865 749158
397847 417821
377450 910572
444897 917464
987778 840673
189911 307044
355640 800704
396408 626757
698990 856129
327842 649156
787063 451051
116212 813554
301610 202454
767544 398069
740135 285735
792185 702109
721250 411923
848335 571109
670595 86238
255963 896741
651846 176038
886359 129933
273750 684755
785209 272088
480586 170078
761082 506926
772077 411185
565464 405780
305805 211627
708624 220365
984173 898560
418500 171604
819415 39429
166177 395760
130966 648131
407472 781954
233582 820141
796974 698224
361265 400026
700497 690125
94392 763425
115568 266791
45572 523987
167972 446846
616396 911651
285284 467936
305672 522954
965504 714142
106547 911174
918523 954883
649665 221021
423882 680639
135617 493507
241366 332969
222943 841081
917042 436947
400295 513201
597935 944874
130655 502298
439712 902953
216669 552240
663276 602642
446529 284831
710329 909759
573803 306327
586078 804726
899970 492399
492806 610339
191450 224837
332178 441731
981836 941130
56864 191920
918495 954052
779438 546002
679973 268992
149953 665946
526667 947731
834770 536803
608626 853863
211827 187094
933570 607
709945 631592
224656 286310
754632 287524
839838 402314
528997 980635
145285 135016
141293 580777
960064 340663
141346 702296
91019 457271
411145 760405
232347 395445
528304 502340
703206 292580
533083 471187
715566 375191
331456 524908
380352 417701
22696 56199
618068 807705
878132 63641
822612 949860
971849 135375
388248 256224
856896 630100
785029 621511
160363 41655
831892 497172
454303 631702
7864 291256
585996 49870
805276 293752
208153 972583
93886 399134
856124 950728
107448 379269
937764 449653
382159 646175
546376 976263
346389 69026
4318 326030
298206 251616
395789 731285
622122 398740
950609 119419
136576 75598
404218 61546
877648 316534
624275 810312
167856 44063
115416 132965
935288 819629
684839 93406
519758 233695
855306 319401
116638 446258
503691 292149
348225 237265
721045 474610
231965 576980
853363 755211
495573 997127
153303 317259
264526 779585
528346 120376
883295 854945
231843 386312
637873 402272
697820 536824
148452 271647
75347 735751
683366 833455
867954 590051
835306 421398
10531 968705
659933 139723
456300 534095
727020 197895
543384 725943
334868 126269
224747 662373
760923 760095
371625 981821
592062 780405
684169 86049
80726 996084
483811 748326
508292 319877
829962 198443
955622 96588
867933 825235
561278 546425
374098 614739
824218 9452
351929 169259
408944 560369
284975 10896
682075 875770
153225 563366
270117 759927
95964 415105
415839 240893
202393 892410
448765 511013
508440 991203
237935 375380
378467 192090
285811 648391
764147 899001
932087 50142
401533 597865
469807 486718
930815 977362
267856 173399
983406 202283
533588 387739
339005 345272
639930 880463
412413 550652
44724 567582
321662 545306
877216 155651
914719 650895
396206 306021
96459 901998
308283 134443
537712 401491
819818 46067
119573 19038
634774 927510
870726 130383
533783 422658
51837 447497
249467 708446
49069 434610
707624 942540
370033 47567
586450 815983
724153 241848
576459 595561
341004 873796
869657 111029
871321 56408
486673 958411
585083 848577
468334 325021
264002 428740
110983 15174
563689 825046
746704 731182
928980 211178
819713 542247
153181 130779
652348 951168
770815 426506
872668 114019
413695 625529
508021 461225
521338 499835
761432 678022
983677 544943
516132 335244
135625 994073
426364 303650
622632 422698
918572 434300
460766 848329
403049 25467
709250 315552
573399 684130
15580 736417
921496 925040
388786 386048
107323 293133
151303 98828
925862 276011
681902 423944
132435 600275
966904 445429
597084 944085
265624 834373
221732 354999
41590 425812
536547 353743
933826 108849
60042 620467
142659 234749
616916 116554
66272 435554
776792 298936
643181 112625
608220 77880
766166 737398
997504 938548
295035 397649
59627 220840
191361 460599
602951 914768
624775 868312
191102 554701
743160 380153
459839 798206
195590 919697
221144 110058
438223 595042
467586 791473
280372 167732
870773 274799
57967 584403
499383 136382
977683 170918
774203 167853
737809 879735
509461 642021
109753 280298
390091 501612
835367 3618
675571 575110
843924 45367
663699 75171
904105 497160
459007 864998
872446 630569
853185 721845
162198 117556
144789 610606
110319 182708
955516 237536
887856 445850
196955 343932
413140 930054
742379 840735
829052 311530
257228 707108
167571 502676
738350 278550
891157 500124
577229 547884
272430 204265
641174 645355
168485 42656
730324 724525
251769 67479
718791 379732
451014 570465
735804 226220
411168 512055
983788 999216
805309 252804
491198 458062
883039 76619
636649 418282
821852 799870
360577 583679
628096 568069
952301 44052
626582 620991
56562 762450
314850 838465
203817 749370
10408 737710
463236 431808
641308 5312
739440 78073
8676 606359
618211 711055
830945 52932
341137 448205
321969 72657
542702 658484
654622 337045
204491 360063
194366 774937
271124 786311
660490 247915
290321 935208
65732 348369
225455 966462
438355 949478
250517 78833
448411 14125
530689 127624
899741 995203
564057 459539
187252 663959
177251 224224
771104 644296
270987 546626
302509 324823
239134 497258
176242 180410
367761 126951
553971 16414
979943 235149
354903 162133
663183 350206
929225 470447
565012 605759
50289 565222
699620 891725
72525 671374
913196 489342
577181 852811
560868 751621
15749 139470
249787 91600
711613 382009
600693 820729
189529 928463
847713 82535
500735 756317
608111 302737
602457 59266
953387 528063
686688 181321
431681 712788
494304 771243
230908 875306
549154 7891
284529 995306
924433 698642
41280 205377
339816 434605
562755 966558
573035 648121
976019 785851
881382 627820
375649 13820
893276 827881
741856 642462
12436 897511
488004 200304
540027 739331
440536 86626
164538 618784
904314 110697
359964 781349
328456 758999
920223 903749
155070 924964
180472 257112
758285 683426
540406 803001
898756 385006
468862 585762
441013 446625
555503 317247
911135 239158
669664 196411
782717 880396
778752 784132
829525 72724
962466 721492
353087 210565
