9458 4901
6638 6423
9531 8367
4478 3225
188 3782
5006 7106
4013 3110
9335 4328
4043 9092
1278 3355
8088 8564
1932 8128
3738 1705
3526 2987
8092 5148
2524 1098
3336 4136
2750 2112
4969 6497
9038 2519
2533 9049
5085 1294
2662 6293
1732 8680
5906 9594
2911 2642
9326 8863
8924 8141
8755 2227
5735 992
2125 9661
9889 2692
8269 9888
6633 9384
734 6625
9242 7457
8794 3268
8795 5745
3720 3580
4403 2676
5536 8690
6499 2608
2023 2053
3530 8928
5897 6099
3673 7468
9557 963
1571 9106
4606 91
8770 4309
4866 475
8780 6244
3181 5298
8143 6584
9844 2050
3857 2450
7766 7726
9089 43
1800 1048
1883 9936
2731 5364
5478 5252
926 8984
5409 6511
5273 6720
6304 9347
3408 2060
8669 2480
5907 5327
2797 9433
5175 6095
2362 9031
6840 20
4296 4860
7264 4529
1295 1374
9813 8683
7937 232
8624 3651
210 9058
5980 2921
5680 3430
1834 3076
2494 6185
11 1523
4403 8298
1404 7460
418 9979
5919 1799
8953 3268
346 8857
9435 3799
1348 1312
2168 2450
2851 9316
2740 8112
77 5308
77 2788
1278 7289
5679 6972
6164 1447
4090 6586
164 3590
186 2611
610 26
9133 5894
7640 9488
1455 2151
304 139
3577 5020
5464 679
6377 8292
1706 9784
6745 4673
1241 2406
7610 3764
6291 3025
6699 8068
1518 8308
766 1551
7873 1689
5752 2287
9711 9127
8156 1812
4702 6419
4453 5746
2449 5192
8841 7468
8094 6100
681 176
6078 676
8138 2182
6050 1419
8755 6092
8318 5762
7338 3480
837 6149
9047 9008
9676 1962
4401 8386
8673 9028
8277 2625
1624 2305
3898 4287
27 4546
5245 8007
3846 5405
4707 4442
4110 5427
579 8471
3401 4262
4053 1615
2584 9324
8368 804
5358 9119
8038 531
5250 1345
6430 6610
3773 8718
6829 181
9735 2963
1315 8792
8169 7427
6948 8151
7484 3863
5676 4116
8995 6852
5201 5953
2720 4803
891 4652
1417 3734
872 1964
338 4233
5628 5356
6014 6894
3556 6764
7512 7312
195 6448
2358 2373
5243 253
8814 2705
8440 5640
3583 7363
5409 3349
1604 2629
4211 7627
8026 1666
9136 3997
1280 5179
4972 4583
3811 2653
6087 5771
8821 9204
8084 8108
3995 4471
39 8495
2389 7395
4088 8489
4550 7519
7553 4625
3537 1435
3252 8514
8185 4494
25 6251
8956 7339
6346 7941
4726 7785
240 7249
9767 958
7392 1287
8934 1549
6217 1054
7593 2675
7375 9673
6615 7930
1266 4160
1966 5112
170 646
6243 5017
1526 4152
4105 5426
9677 7206
4280 8920
6399 783
2971 3094
6954 936
514 4635
204 451
5051 1033
7388 2273
6432 4538
8492 1343
4606 604
2739 856
6012 8328
5044 4259
3710 4392
200 245
5551 4579
7194 5651
8873 8826
8828 5737
3776 8427
5370 1755
6483 2714
3298 8620
8505 641
2198 2365
7410 8606
1520 9
4194 2745
2465 4138
5034 162
7505 2588
5101 3187
2718 4572
5889 3141
4277 9440
2159 7609
5431 1393
2552 2310
1604 1605
7195 9885
7172 8224
3890 2354
3536 4382
5224 3031
2936 9370
6780 5383
4903 4313
7464 4957
4210 3841
3528 8280
8664 5063
2267 5018
5366 5052
8210 9687
8702 100
4809 7807
8615 917
649 2821
54 5569
5844 5757
7645 9027
1348 7454
3808 9168
8012 6650
7167 5832
2709 3438
7103 6656
4386 4591
2579 2512
7341 1521
4381 6327
9856 6933
119 5787
1943 2610
1697 3783
5286 741
7892 7788
1467 208
789 9967
520 5263
6057 2121
3646 8942
9217 3186
1502 2425
3972 7586
8183 9676
9201 8109
8556 9370
6621 9630
3346 6327
5816 6772
5423 956
42 2091
9944 6715
5300 218
3596 8165
4266 8914
4234 4103
2616 8753
2452 1857
6899 4474
823 4760
7326 67
1202 7143
3545 1143
547 7391
6443 9569
2823 8035
2594 8377
7689 3350
5482 4700
9429 8958
823 4869
9028 7981
8115 1134
3161 8994
7870 8686
4136 2637
5126 3595
8294 1937
985 6854
8291 8889
6672 9044
7202 4041
9946 2708
1219 6264
9838 1833
4393 7294
8966 8580
9604 511
1820 7926
4232 3491
5059 8650
4402 5861
2982 463
1029 5711
2960 8755
576 362
8762 3344
2535 7091
9499 8954
6367 1834
8631 7651
5060 731
1528 2395
8959 2177
9606 1226
3112 1250
4687 8761
5769 7338
4163 5950
901 2946
6017 3064
8461 5077
9828 6114
8551 714
1546 9289
3677 9935
4794 8185
8977 6071
8114 353
6736 7352
6837 7531
8517 8826
5276 9426
9825 7029
5308 6274
3876 1656
8253 4090
4275 5652
4781 1761
519 7660
5848 6094
2784 690
3159 7912
170 8939
6528 1179
1955 7274
2331 6594
2583 9695
439 6219
195 8507
2667 8622
6983 9941
7369 6893
609 349
3725 1835
3621 7585
1372 7436
1449 4535
7925 6137
7929 1076
3458 5261
7784 6855
3014 907
131 9309
4020 4671
2081 158
6701 4316
3886 599
4065 1831
7434 4513
4534 7478
3222 3567
5371 8062
9062 3456
8083 8727
6795 8991
4273 8409
912 1297
2655 2025
3808 8767
3657 6151
3671 1945
9802 7760
6544 347
3392 2275
996 6597
8347 7661
9105 7584
8691 177
3572 177
9488 8995
8870 1488
8959 8101
3503 2143
169 3853
1636 9329
4664 4783
747 6256
8077 5002
9132 4491
2300 3354
2002 2170
9068 9178
312 9183
5891 5882
9557 692
2279 7697
7660 145
2248 158
6374 4430
3709 7887
8934 1485
7152 7763
6564 6493
4299 8645
1444 9060
4056 1231
1316 3576
9226 5996
3220 8100
9128 3020
2194 108
5720 109
4101 105
3356 765
9239 594
551 9720
2983 8670
4710 4899
6030 469
5482 5829
6090 9129
8406 1999
4164 7717
6812 5291
5764 3581
5077 7552
6425 9523
2324 6931
1059 8230
5832 3513
4238 5884
9670 403
2996 1381
5709 8101
6948 439
4034 500
2275 4309
111 4027
8289 7187
225 5642
2802 9733
4985 9465
3487 208
797 5567
3834 2693
7344 7078
9667 1772
6802 5113
6366 1124
1109 9648
7130 2908
2950 3721
3209 7971
479 694
4546 6173
1550 1061
1666 946
8729 4713
6880 7379
8738 8266
9899 5948
6435 5944
7039 2975
7823 8593
9628 7167
167 6405
5869 8311
1254 7033
3011 9483
9445 6442
1628 5972
939 5427
4748 1952
7833 5819
7933 8566
7539 2626
9843 9280
1259 245
5121 2536
2329 5463
1505 4179
2555 9214
8156 305
7804 9974
5868 1052
1596 9471
6213 8851
9625 2432
7876 6283
3320 3813
2068 330
9453 2060
4213 7253
2152 6121
6621 5105
3124 496
825 8436
4112 9212
5030 661
5322 1173
2747 7826
3665 1720
2876 1158
162 8363
8748 2122
7614 7550
8082 3027
4239 4160
8611 1662
9385 1178
665 5007
8848 68
6559 4836
7890 6389
402 7175
5950 8932
9372 8553
2245 1168
9057 5875
523 9460
8575 7881
1179 1465
5072 5691
6686 6347
6829 8191
2090 3513
6715 274
3002 8660
5868 3686
210 3859
5767 4285
661 5906
5774 1058
2329 8097
5746 9642
3916 802
3935 2852
6087 1310
7276 5439
1477 7400
1706 3846
291 6269
8760 5727
7109 9333
933 9529
4459 6601
5546 1553
96 2511
5041 4978
4322 5132
7944 274
2668 5015
5490 4236
5980 7626
2802 3901
308 7493
9156 125
5921 4857
3877 1502
6570 9753
3012 1865
1243 232
4628 920
4849 3646
8130 9018
5111 5624
2543 3244
3629 9306
1674 8880
3751 7694
6517 2533
4159 4170
6272 9205
6088 8994
5939 6568
3891 6920
7431 1732
1519 7197
6862 2910
4811 2757
1479 6891
8782 2840
188 8533
7847 9973
3382 9763
4691 2461
5283 9616
5708 2619
4407 3873
1777 9035
1013 4969
2558 5191
8601 3280
8823 8198
4526 5696
3070 8468
915 4401
911 6721
2034 5567
960 7768
5420 8239
1224 1109
2868 2607
2419 5215
1197 8349
6553 1736
6694 6992
8311 61
2916 628
1391 2842
8156 9409
4162 7358
3521 6885
2347 847
7514 7630
7767 6484
1864 4708
928 9866
8163 8113
2857 7865
2666 9008
2964 8938
6904 5250
3361 1006
5347 5893
4316 1428
3373 3903
6300 4560
1362 6056
6564 8338
1723 8843
9524 1080
6806 8260
9869 2551
5511 8584
8078 6736
7555 694
5113 5797
681 5240
6183 4220
4163 8593
2170 9111
6326 8473
9135 3604
4897 4382
576 7850
60 3483
8370 5490
7955 8678
2552 6508
835 4138
2834 5685
6855 5916
1174 7263
8108 7404
5442 7121
8956 1873
2614 6130
8404 1434
9206 9160
7730 8597
2403 7263
3149 3834
8975 8547
9857 7856
8937 6996
4056 7830
3053 9101
1301 5901
6603 5245
2789 3745
4529 1829
2966 9477
5585 5652
5843 6352
6318 2266
6416 8112
9516 2917
6639 8165
6793 2266
6215 1018
345 3453
3214 4494
8338 497
9195 3658
5490 1276
5485 1984
3576 2591
6127 936
2898 7049
7056 3426
6877 98
8769 8657
8938 9243
6899 9647
3936 5104
937 4608
4382 4041
2597 7316
803 7607
2553 9177
2070 3067
5658 501
1893 5752
245 4234
4212 3359
9724 4241
6770 7122
2162 7199
1932 8237
5333 4649
4794 3233
4457 3262
3171 383
4454 6848
2017 9753
99 6101
8571 3380
2731 8299
8354 7038
4798 475
6162 9943
1934 4492
3991 6543
6076 4304
7020 1383
4735 2489
2224 7438
5183 4543
7244 5144
5942 5154
7268 2604
1728 3742
2680 5633
9060 9788
6302 9262
285 9564
1873 7996
9721 2343
5529 1364
96 2698
2949 3412
856 9279
5788 177
9432 4216
396 4936
6243 5083
6759 9309
8827 1861
5937 9425
611 7189
9661 8075
9700 3655
9807 457
2083 75
4920 8553
3453 238
8000 233
2348 4142
2235 926
9792 1875
6502 483
5648 5932
6821 6866
4761 8903
7543 8689
8814 6293
3384 4349
8125 5360
4224 5537
1431 4502
9129 4037
20 7835
2657 579
3480 7156
1547 2239
7190 9706
8111 8766
6596 5338
9840 3325
4341 8651
2261 8294
7894 9938
9799 6787
413 4666
393 4320
8581 972
103 3317
1394 5994
8788 3133
5863 7294
6723 5643
9862 2866
2055 4993
470 2961
7907 5058
2899 8020
5189 6464
7280 5061
3742 5084
7527 88
3076 3773
3812 3890
861 6701
9230 2342
6920 2019
8274 886
1389 1412
9905 4484
6922 1562
6354 2191
575 1077
4661 1367
3459 3693
5919 848
8437 8560
764 8725
4886 5148
8871 8683
7999 1230
3758 7163
2430 8951
2316 4139
1049 4488
2481 8014
3439 41
2542 2320
6474 2421
1164 6112
8982 2020
8979 8608
7461 5190
2252 7634
4165 8326
8798 2130
6713 3098
7675 5814
3411 6641
8427 4297
7742 3649
8896 365
7161 2459
5079 3463
5493 6520
839 6527
4402 5249
5226 8614
5049 4112
3572 600
2437 8448
6083 3317
2643 9433
8684 2414
578 7615
2809 28
2758 5176
9155 4118
2170 5419
2166 8284
8944 5150
3461 3967
6443 3237
1426 944
5847 6460
9512 1172
6163 9382
5094 7104
6732 9817
7943 4020
8895 1247
7960 8537
2609 6412
4153 7465
8249 9211
75 4511
3438 7178
4210 993
7091 5914
2666 50
7 8695
3988 1076
2938 83
5566 5084
3065 315
6375 1019
7918 3102
931 1934
605 6244
7745 8790
580 2891
7860 5168
7241 8386
8001 420
4756 1141
2171 247
7187 3156
260 1021
5720 5774
704 8107
6861 2502
1744 854
2741 6368
6143 9453
3965 4550
7460 7479
6150 2983
2559 8407
7286 6267
7677 9778
6404 8508
88 5274
6191 2073
9377 7797
4427 3148
6479 1258
5175 1460
76 4505
3865 6430
2836 6092
9429 2900
4152 1932
1010 9157
8459 8799
3802 1023
2973 6203
6357 463
3963 2618
3778 8327
3455 910
5453 2922
233 7504
2248 6933
8303 5799
9847 3904
