5190 2792
569 2299
184 913
9682 8029
4798 2891
2117 7818
4484 2817
3121 8532
9314 8071
6665 2170
6183 2342
8480 7922
6587 349
6816 7032
5701 9653
6565 7357
9813 2973
7461 7298
1834 7183
9730 5606
4099 9183
5190 3225
5336 600
9675 733
4059 2023
4802 4237
4111 7664
6388 9096
3286 4895
704 3857
2323 2336
2831 2139
6767 9858
7538 2313
6769 4027
8572 9946
1584 874
7457 5816
3845 2169
5645 9411
9545 2141
1114 9258
9604 4455
1658 3979
7807 7490
5700 2106
3546 3017
8380 1411
2 5398
6079 5681
4017 6592
8882 5785
885 5582
4482 3641
9419 8279
2663 42
2123 7391
80 6535
4758 7887
6148 5770
5460 7229
2256 5553
7506 5076
5437 7659
2217 2114
412 247
240 4477
9242 1054
4856 9129
8760 9930
44 6839
2603 2397
7153 6020
6686 8670
6306 845
6129 3992
4417 6452
4003 9405
9194 8719
1286 6466
4176 4586
5704 3529
827 4980
9558 4627
724 7509
2655 8500
9982 1795
2187 4949
4039 805
3086 7522
9010 6252
7640 5849
4711 2099
4695 2142
8577 4564
5945 5144
1719 9722
8747 734
1818 5755
2612 2550
9173 8877
5598 3273
4559 2672
9974 8990
1468 5596
5770 5537
2357 1310
481 8573
3675 9602
1914 3951
8286 390
4714 3604
5467 815
4761 5632
7639 1888
6737 7738
2386 600
543 6883
7011 9780
731 7492
7832 8141
8246 7408
5585 8656
5837 7732
2820 4323
2528 6767
5875 6055
624 2446
8226 398
2195 4270
9661 2383
4643 8159
6022 6325
4687 3396
2403 89
2185 3684
1855 4210
4220 7104
6027 9431
2533 6529
1171 5523
4911 912
5653 1572
1747 3273
5079 6878
544 6551
579 1059
3353 8487
147 8100
9435 126
3623 8764
9167 4355
8415 8004
6290 5240
5775 3262
6925 1064
36 7875
2917 3339
5083 3352
8406 6241
1183 9967
6171 656
9614 6874
293 236
4103 8531
4633 3550
4437 1362
125 2890
4554 3846
5150 1802
1665 163
1420 6587
4230 5513
6617 2479
756 3615
5263 9827
2254 9895
1137 5319
3526 8645
502 5365
327 7976
2059 4330
4626 1702
1032 7028
692 4171
4296 9226
3581 9340
6631 9713
4736 3623
4789 4680
8926 7955
3281 7824
2751 5418
35 4954
8462 9197
9974 8370
2113 1779
3163 6436
2183 387
1666 6347
2028 8802
5241 822
6078 9922
2169 1627
7821 2572
4168 7259
5628 6081
6582 8570
6751 5613
9839 2635
7610 3920
146 1837
321 2544
6074 5368
7588 9002
9287 4476
5147 514
8241 9557
8333 8599
1056 7251
5585 9575
451 3150
1353 712
9182 1393
6525 462
7756 5926
9682 8739
8503 487
4028 2445
6862 478
5144 4964
4679 1037
4809 1884
3529 2183
7405 9174
2784 5405
2968 2902
6067 2154
5309 9643
6605 5295
3807 5221
2087 563
3217 2499
323 8691
130 581
52 6399
6397 2048
5591 8305
5946 8436
8051 3725
9824 9032
9999 4929
6191 3625
9696 3790
4232 5971
7387 4848
8756 3588
1095 6986
1697 8766
6559 6457
6884 365
3409 8571
612 1568
2551 7606
5843 3075
2714 7309
6495 7521
3820 1790
7654 9901
2552 6748
788 1485
9457 8328
1617 4650
4881 4727
4493 2042
2845 8902
6398 1950
1965 7873
7330 9226
2066 429
1527 6803
5146 4352
5929 1249
2793 2160
2267 8796
6420 9948
6533 8226
6405 3073
2072 8623
5272 9645
8625 3389
4641 4193
1065 4705
6317 9349
5987 2626
2205 9276
7336 729
2953 99
785 1291
469 6481
235 652
8453 191
4444 3202
8630 3065
1297 6382
8707 9013
6342 474
3508 4972
8944 4715
173 45
7613 4449
5563 3233
7698 4371
2494 9509
2739 7316
6632 9493
1285 984
7728 1422
6025 1273
4372 3737
1699 7781
7144 9460
3529 7025
9517 8254
3084 2333
2164 940
3589 6293
4614 3264
97 5241
8159 8499
674 3624
7137 1247
5340 4923
8555 586
7981 1201
5626 9015
9361 3757
1961 2761
3927 6696
4794 8797
9794 4763
6907 7983
6488 8183
4434 2241
3235 4724
7156 5535
7184 2095
7402 4094
4636 9200
5550 5090
3460 9858
3941 5576
4178 7228
5878 4480
4177 6359
3187 956
863 8684
333 7228
7974 8729
7823 4693
5391 5239
4803 8576
8405 7059
4521 647
2287 6658
5459 6868
2871 9603
1098 9341
2687 7779
7874 466
4679 3796
1080 4010
4716 7919
4261 9076
8779 972
7795 1283
7974 3700
5334 2366
2161 7077
3012 7724
2292 8318
748 8044
9266 3825
9676 9189
8593 5135
6123 6194
1284 4811
4329 5966
1522 1132
5246 6611
5748 8870
2462 3014
9276 6257
3208 1087
9436 8628
9198 1264
5988 7972
9943 3196
3294 5641
8495 2902
5990 6424
3932 3971
2791 4762
6338 839
7250 4572
2671 3047
952 9465
7294 159
3409 9328
9926 1352
4161 6725
9222 7219
9955 4319
9733 3229
2732 4769
7946 330
282 2232
3686 2978
9273 9494
2262 4411
1659 4856
1104 3264
7879 5705
9767 918
9454 1922
1355 556
6323 7435
5695 3429
356 5643
3825 5835
1574 7560
202 8791
1792 6444
3804 7172
6223 699
4346 3462
5246 6787
1908 4461
9684 4937
1385 4805
5787 4253
566 5581
3396 7312
7974 7466
8727 2029
3569 7573
3703 5188
9314 5693
7069 4870
3704 6041
9520 680
3396 3481
132 1214
9117 895
4517 8055
2096 5754
4615 7635
1173 6842
5091 4750
1076 5455
4215 112
5322 2537
6121 5020
6185 3380
2893 7674
1766 3205
6208 1537
1385 9856
9894 7929
4560 7734
2922 4321
2085 9961
1702 676
6182 2701
6426 8251
8223 6881
7257 5373
9590 2627
6764 130
3434 1211
7973 574
1319 7874
6109 3761
189 7532
3345 8607
7249 9006
2302 6844
5947 3445
6285 6751
7346 9214
4116 6597
2019 360
9708 6970
6912 4431
1870 1994
5133 9858
7341 9844
9621 4152
9245 9246
1455 4156
7257 4780
2021 4646
3455 3727
4250 4337
6194 7776
36 244
1285 5945
9265 5393
6408 109
5510 7695
7934 1342
6438 2840
4440 6100
4854 3198
4085 3713
2604 1689
3029 5852
2444 1655
4184 9875
7475 4901
3166 9261
8606 2920
5498 8837
4398 5098
3204 955
5696 406
3220 2172
8097 273
5906 1878
6126 3235
1610 3549
3968 1503
2305 2157
2975 4347
4972 4470
7340 8274
3345 1652
7280 3446
5110 115
6570 4915
6408 9080
6034 5470
3853 3929
836 9855
4053 7994
1480 2409
203 2059
2058 7949
6528 8048
5373 8712
1733 9107
511 4939
7989 2974
1535 8265
8941 4761
5360 2288
8708 2451
6260 3995
9474 6855
4639 73
2044 3704
8913 9510
6353 135
3963 5402
5450 34
4383 5868
629 1597
9686 3918
9368 7745
5000 5570
4266 2642
110 2328
6515 9955
1967 171
3471 5492
7900 638
6761 5644
5398 7527
6184 6333
7886 3787
9579 4949
7662 9623
9958 431
7077 3698
6855 7199
6861 2175
8128 5175
7908 4443
3768 6472
6034 2759
2778 5361
1468 5146
4374 562
8918 5071
2801 1371
4807 7573
1575 3161
4972 3132
4114 4911
5258 7880
8212 5777
4769 728
6972 8904
5189 4956
7170 5472
1829 8175
2241 7791
2564 969
3596 6842
8508 640
4461 2037
6287 3256
1595 1828
1631 9664
4616 5943
407 554
1080 8926
8262 2279
9599 990
7980 694
7883 4165
3156 176
8561 7925
3589 1365
1646 9810
7299 4741
8559 9515
3397 305
1573 3181
1217 2462
3208 2495
2931 6403
9652 7177
7691 9204
8434 1615
5773 8550
4657 6183
5967 1154
8803 884
812 4821
7894 5838
3582 4858
6437 7114
1785 595
3453 2853
2534 8709
2031 8720
463 535
1546 1510
3658 3473
4127 8307
4030 6027
3412 6800
6830 20
8475 1095
7941 6622
213 229
4864 8274
4015 2430
7871 1310
6372 3248
5831 2593
5856 6739
8256 3032
9883 5017
1955 5276
8463 7163
323 7758
8262 5699
3159 1706
4178 9785
9573 7645
9017 3895
9943 7752
3235 8901
1182 6327
7773 6947
3289 2480
1406 96
1949 3239
5541 5847
9016 6996
596 6008
9106 3002
8983 2267
192 3251
5830 5637
9539 5377
4000 3829
3990 5050
9337 1795
7811 1076
3477 5151
8749 7179
8726 2866
7724 8773
4623 6442
2878 7538
1608 4446
120 9112
9931 8436
9736 1497
3455 3613
9112 2166
8570 2350
1633 7307
8946 3598
15 5869
1699 6167
1718 6315
9640 9438
4837 4252
6107 4062
4645 2003
2379 5842
5430 5988
5399 4065
5666 7394
3542 6935
121 5693
6974 160
3054 1269
3982 3822
6945 2720
5999 8930
615 9804
8273 9956
5538 4765
4701 7600
5461 1722
9784 6209
99 6499
6426 9853
1184 1888
9982 7240
7924 6671
9126 8166
8091 369
6389 8229
1507 629
2191 6566
285 1425
8639 6421
7375 9057
3886 5686
3995 9635
6210 5013
1484 7889
4047 2801
2830 8430
4564 7888
9286 8778
8120 3114
3350 9657
8689 2463
8357 4345
4187 4994
8768 1494
4308 4470
2875 7445
4158 1078
9431 6022
7392 2887
2179 9148
3987 9203
6260 7073
2053 5443
124 5802
5447 1992
7324 3589
5354 5104
8026 1613
3797 1566
8327 3649
5134 5802
1611 9459
1466 6342
4960 9591
3567 1268
1580 9373
7806 183
8774 5177
4830 4312
8142 1030
8904 236
8518 1655
9990 5127
2187 3888
9463 8744
5730 723
6059 6281
9657 6212
841 5827
6793 8913
8954 8939
1090 2099
5485 4771
3604 9715
2102 9554
5345 3846
8199 8717
1583 6872
3360 8783
5039 5529
8946 7823
6795 4724
2990 4697
1410 2493
225 8922
3669 9205
4547 487
7950 602
4458 5513
964 6176
8693 2844
5441 8572
3250 4525
6462 2119
7206 891
5840 6476
955 7687
191 5923
737 7192
8818 3593
9496 9602
1880 9476
9235 1684
2708 9189
87 1625
848 9078
8388 6612
1122 525
180 530
5535 9326
8906 5540
7565 3390
724 3603
5490 6034
8028 2354
2969 1846
9679 7271
794 5012
4239 6768
5318 5457
2591 4682
2600 9075
6865 1336
6228 4300
8 8745
3780 6518
1949 1215
6691 4283
4531 1060
494 499
4598 1968
3074 7911
7368 3885
3898 221
5870 2646
4878 8528
5409 1852
6227 1666
9185 1010
7795 9289
5035 2472
6938 7707
7222 5323
9132 1616
8163 9643
2796 4877
5335 2434
7834 1768
9326 2369
341 6825
1607 5014
7987 8269
13 1663
481 2513
6857 1762
2982 7416
7924 2233
2686 633
128 3151
7288 8877
4330 1946
624 332
6511 1856
4184 8450
2295 1323
1981 2405
4495 1383
751 476
2174 7311
2692 4352
9474 8649
5891 8106
8479 498
9816 7365
8519 6220
3235 5637
4018 2527
7919 3222
9076 7780
8422 3493
2992 1012
953 4302
864 6025
9413 3047
4656 2508
5363 508
5917 5611
9257 5476
3113 199
429 2747
6448 5062
3055 6078
6796 1896
8692 3793
4021 613
4724 3121
3303 5656
2732 3860
6369 1831
4612 8124
1374 4870
4522 17
131 3586
6026 2754
2018 2030
129 5696
8746 1417
7285 6002
5057 551
5623 8969
4815 7694
6036 4151
5676 6995
9710 6027
5349 4084
4289 5209
7984 1839
4826 9339
6471 1795
5824 8926
9028 5539
1225 8353
1412 4829
2505 3312
7215 8044
7925 4251
1911 3034
2353 8629
3702 4152
279 9309
8504 1142
207 269
3926 4152
6433 5684
9616 7186
1291 2610
9171 9013
3950 8086
2836 8669
9066 6975
4839 2093
3466 9709
4323 7717
1381 8187
2898 4789
8422 1071
3902 7043
3124 5804
905 1843
8625 6931
4060 7044
9318 8148
8930 3140
675 7342
825 567
9937 9459
8741 2729
147 5083
3271 5971
6578 3135
6683 2536
8817 3194
6291 1016
1578 6899
2829 7783
5190 3153
8163 9769
2148 8942
4186 3476
8139 6356
464 2255
5695 7645
8999 6484
1537 8982
2899 1897
7584 1273
