758249 306411
360698 565240
145180 870920
576657 716786
149156 418380
29673 692228
384615 930542
907983 537706
158157 20090
709095 216747
471433 650508
321296 522106
803994 287520
176997 583417
223905 786197
549876 364600
590003 997704
456281 15852
181363 872299
820378 915433
675247 487347
506690 370145
3880 937594
425060 886616
307894 473933
877800 362924
847471 182485
358327 172822
375277 862636
162654 967129
339018 744246
196279 939182
712379 608911
611434 830947
291235 825186
978804 73764
506538 447192
360127 363413
294690 107367
299622 960483
553941 757050
93969 775829
937416 622093
450310 618156
840179 758738
682058 706276
958858 42260
304266 342272
198368 981041
273724 259928
445011 198060
474992 704858
725063 779137
706424 518486
891850 744965
255248 410725
827371 809802
421350 873297
732192 259912
492130 136096
887304 716223
727404 450701
512665 849737
595955 552525
658839 144679
553631 372186
191065 385388
232016 752335
957222 429361
229298 663819
440247 770630
775250 100390
745456 643686
539971 392375
608887 955635
257501 909657
38883 422144
707282 733314
535206 66209
716669 601655
486719 386014
556155 102848
382284 261212
387429 240435
760209 466913
669573 135386
814979 639942
133637 406462
778092 120573
506342 906700
195320 404516
864491 239277
381342 405424
297127 394675
915474 181147
684730 752707
335239 90737
854068 128977
496460 669558
887590 405617
387404 805517
766377 440519
820810 575909
120091 841150
941986 283655
813383 537324
633797 220836
386629 670760
5846 401324
168500 849755
161128 96108
465009 97597
201647 933781
185288 212234
718239 654413
259295 895465
975510 497677
947469 752072
280106 288509
650987 90577
896889 233338
723505 760906
760994 31442
529574 780299
539056 790401
20502 931776
787051 433119
893643 866255
623512 242084
315920 795087
354398 686480
242818 407393
94359 318904
541489 872659
652483 708618
27360 472243
151241 933732
547577 894893
618574 490270
738724 263157
793890 593468
775852 324825
687990 310652
273195 263429
476732 792406
540667 73985
590123 296674
608129 398875
225459 482571
338888 677767
549296 880743
225550 862050
216401 907715
242793 665481
480384 118735
435767 557465
865780 944618
548485 811754
378787 48554
636648 456231
893271 76938
468504 68592
80899 633511
121297 276885
209370 53589
227934 443878
503315 73105
242093 79756
935292 37445
39081 570200
563904 676797
895233 517782
455648 507330
722308 735839
246007 166226
910001 993475
501798 625609
1059 326060
793158 545961
400616 971050
28038 104090
683589 925585
518566 118403
204696 93310
967458 581088
243257 974208
405488 32656
249191 869635
897510 525743
91143 770046
943840 973571
124177 843869
394851 205658
505703 340106
618130 224348
821451 89219
874760 617305
45131 342428
759690 246753
251844 850969
744038 587581
622614 418440
48528 645759
341109 115330
230865 982894
910341 401890
868164 492334
521797 102635
126704 85733
294859 93843
587996 726579
93206 373505
62994 967116
438458 383450
411352 86407
461125 27549
323035 949474
648387 533193
778706 775097
45451 798134
337637 199190
722998 933067
759994 552243
789987 509074
231527 21979
261506 566589
28714 57134
933255 136597
387147 284766
419820 247805
104332 375229
896571 14244
255776 820298
435509 698504
21239 805576
740632 446406
955104 910038
478109 723559
8558 725763
24213 284691
456958 419065
197027 47832
872527 471362
428645 923794
417165 743648
926925 744631
792747 529931
471029 821151
563547 45015
511057 875235
966945 563805
568079 573141
3566 682558
557780 837629
883395 381565
38303 412425
278156 726078
536874 29383
954835 601066
998372 159031
796500 564903
284569 185122
943204 431745
222086 49683
131240 617645
64121 405798
902940 179719
528354 892400
443689 610407
81309 336494
619575 326277
648384 614330
477063 672849
712619 35723
666701 188864
444547 992800
120077 96318
235849 519408
267788 993706
193370 713317
269537 261764
32734 453312
234856 274585
465338 412954
467785 798739
448375 919893
302138 196679
611114 914293
148246 286779
601337 180505
830781 718414
74112 805548
331070 171871
347058 251374
875510 625093
495831 291296
112226 279347
725304 818783
342447 888202
835210 854069
101800 474094
335647 274795
164206 115524
784750 133113
236953 370063
87419 587087
6901 158326
57476 685240
836221 977760
17728 803841
670110 189149
151277 745792
140614 429968
524153 257407
5037 906350
867241 46452
775170 646222
760121 719741
840353 342136
41923 388442
805189 379391
206855 422211
946315 685624
312344 677377
559993 965083
208793 666489
548142 218610
76949 123360
564103 117494
7637 736710
72008 804335
947741 59944
700946 213044
719863 188312
522809 349389
725655 890339
923 57485
518372 724873
448754 407277
50565 2399
262291 575763
504716 80687
953945 579220
790885 965355
107739 122050
10677 805542
413436 798833
529291 407111
664118 522047
624696 595527
327752 660336
587735 404955
531503 524379
346853 725894
683347 965928
658564 342345
104277 237104
428075 196975
690248 81879
424033 127275
457887 396312
69707 120612
881671 215070
660921 741373
27594 248957
660765 214005
338428 868945
403978 418158
851966 798545
980994 682922
536886 200484
306927 745526
245806 427754
303428 502448
12366 668490
767573 790865
247190 912917
997140 138671
534037 512553
824736 259750
503634 762181
410843 406867
147811 660348
351477 829791
167061 691956
852297 201819
952196 726968
500958 76620
559153 787132
538770 161512
623536 758682
505087 633356
882732 273376
972061 544515
906931 523368
904696 684273
341436 874335
771933 522197
664117 992772
204197 515939
553521 247940
79319 158177
833212 980682
818406 814115
903701 986226
725845 521470
514508 71090
333134 451239
599221 975940
492810 515332
654887 377973
726780 781605
67792 893187
347582 591468
912914 969535
421844 255911
308645 743806
175607 493600
764523 22316
72736 240832
473504 227983
970193 484159
168175 317741
832353 307113
894823 612039
265703 982103
332867 175011
783509 565162
228783 689820
316761 756054
505078 984802
94370 634542
403065 170988
154422 34403
715851 26678
413811 190095
411649 593501
401280 135691
92646 6509
283418 374519
762864 30614
167509 921927
101197 566411
705819 876129
781149 481977
50500 589629
596234 82989
863506 507994
608639 895266
103350 46272
110955 823853
745659 612481
114816 305225
36154 524851
229936 85968
281083 221773
736595 519164
319516 241943
417878 644613
364575 853731
753793 339536
642195 609924
130877 423676
406344 697484
385004 272504
711297 751772
862161 710082
995391 125593
872875 563511
439421 826427
613705 256043
728668 879200
242586 604408
609381 627975
662404 660974
75762 953637
587126 706350
781042 85851
865908 479730
280057 251051
528435 293069
299420 505341
295057 388688
666744 955395
490128 563999
137146 339872
119976 528827
320522 73320
317381 530825
903030 643791
514951 958418
284459 972548
649015 349805
494525 836889
70526 629640
45570 920331
62774 232613
813923 621021
358333 368891
294824 675228
669302 290298
271672 986857
500032 769459
264201 201592
272672 247012
461069 472641
21694 145058
224160 336938
4832 410025
881000 386812
97614 807597
326096 656216
585966 714136
409215 998433
539429 434879
690794 253730
542822 425732
389894 433341
956858 50534
316821 882635
228269 498936
967852 679634
931307 379993
480615 304191
776530 357037
555704 265762
895762 895473
115832 343913
278646 563532
234912 593995
5221 847969
520074 744766
562153 827288
450526 798065
320961 104109
711489 324046
67822 251614
330243 394762
981625 820575
475153 443687
9203 140974
78059 406497
835534 769606
671395 442934
255015 540766
182392 293025
154123 498388
11741 79524
77786 186925
476009 985729
844035 782331
549884 472387
440950 524166
292544 777495
831709 569166
949734 406994
663446 456842
223831 345229
757277 754121
458279 582236
177229 503143
61241 120176
704966 514208
710699 841384
747313 419185
242366 367291
262975 795135
584748 557562
406175 902903
62931 417810
228047 4099
204716 790423
427974 316728
470769 819700
584542 99439
787169 106228
83735 834654
729689 362745
946631 167754
871123 821139
662776 860514
386849 29605
441079 521216
632999 624301
924010 104025
471546 56609
446595 189882
658386 711148
322115 723207
685355 232091
958559 958628
928739 198637
774968 752607
502964 422244
348961 556274
4433 42593
309352 812724
246045 524361
839512 910837
801495 623396
758156 833257
864989 175496
511803 806327
926445 263077
871274 247241
980605 881593
575230 370745
604670 612899
920676 549994
878861 73481
191478 168747
202219 709610
699061 370773
964778 424169
206553 28746
230217 699925
571607 374656
111558 104849
816107 497598
847079 402399
300842 652895
660181 642129
191928 353290
325965 500183
792237 921247
321552 420978
620498 211447
581113 156042
566712 993044
49860 365211
862143 918554
890646 180952
271766 236071
771796 495492
870117 418580
823199 731793
853547 757704
279180 404720
741695 290498
884298 793167
569137 761353
132657 315597
950080 241297
621770 15869
598636 730141
885016 718038
180877 145306
120285 948501
795268 915964
263745 12018
77583 396472
731174 624748
843089 916894
262549 667879
773705 707924
757253 94590
574813 203932
89552 36371
847198 395495
102665 276108
990303 337273
106259 688605
168177 366385
518353 23986
591217 668587
923707 944303
221871 938582
964746 524612
63519 379872
38402 153038
236268 356275
548623 297443
343351 914560
639183 892176
251070 718991
270014 433853
849138 498365
437005 501277
457680 125535
977228 508987
774842 488742
715772 859479
850283 877042
869616 577664
844524 553424
968759 222559
270928 13820
741909 698541
985178 241544
897748 876532
517269 297805
28572 318409
736260 408418
965155 512253
754533 846669
637956 704430
887131 121554
456346 887821
855949 854718
200108 696231
989324 86424
77418 917006
534831 395515
32807 444285
289125 726505
855991 437643
647080 396793
645139 641796
42597 998768
409422 144640
34141 910793
814923 726997
339596 563616
672897 150040
476063 561379
747832 672791
142993 963295
862588 419768
151687 5615
59723 483318
778330 360463
151777 946855
200862 958052
633343 305860
374226 74589
843425 641453
663685 125727
168504 100921
55737 658673
139149 883792
786862 583045
664756 260196
790995 10462
529367 337713
540656 354018
14882 504929
925145 198306
955226 252163
386499 341376
168745 45670
418717 544736
200592 651251
451491 835958
425109 16037
415341 92769
243979 90556
591211 687117
81774 307019
108974 512552
783815 816168
199035 136688
595354 322873
900568 666348
697654 431806
769690 142257
531113 768025
87493 864934
674606 997800
395470 612540
944421 644486
621419 727066
837469 165976
76159 825051
36912 468960
606190 903548
304989 648368
235345 348682
981213 175920
435443 999411
229493 260975
962635 710801
194091 735784
889317 827984
146126 959464
712635 410636
37834 818405
821144 953357
528658 58125
604446 50836
141599 203876
237141 984973
990571 925076
626491 605164
675584 373846
107466 13809
997231 320646
717855 353467
460101 511660
810403 588731
933996 436158
313567 42398
112014 323919
374968 421523
433425 689437
876241 282311
532347 996312
201579 796052
446510 513468
30762 180059
505371 534245
747564 882668
871119 255764
991465 563708
161006 500335
553172 737094
127150 834044
953212 103661
649671 93347
836356 260704
203038 616717
976226 285135
479536 706907
385147 537960
605106 395206
980746 322865
400959 459791
146764 271157
485546 516702
943602 441316
485675 125723
628893 742654
670302 101539
245853 690026
37827 251448
534820 490566
357571 203295
847759 448242
108058 246576
700547 446718
318994 346872
940455 734617
17821 277238
355469 760020
345471 499748
634482 249606
729010 639180
886214 408309
342267 429168
711926 667720
189191 59542
445801 705598
664626 869483
210635 850886
76091 947205
724402 620933
876760 354177
938345 858203
213723 58912
288319 719761
495530 549945
128210 589013
499182 890712
182612 524464
300628 846181
201246 102980
841877 180640
334798 241841
710378 581584
934499 296680
554381 511465
6663 886964
938734 252935
397735 975707
972176 489397
734507 274941
221152 85047
813378 870778
511361 271158
411398 98756
806406 834203
548532 179498
362965 496541
461004 91418
880951 458933
984651 219662
506925 24280
978674 769820
795019 483593
606723 667888
540530 761966
525426 558790
907338 192873
874583 37116
28234 931942
19465 202943
619263 139957
656604 875124
792892 718356
406482 75337
781892 262831
725055 810131
472330 120509
340461 248963
662087 773171
550828 366598
814451 657142
714393 446193
713764 306581
418023 180271
430798 837038
964329 813213
725900 666379
173898 990947
241719 908018
725262 958621
967747 868126
778922 448632
56570 336099
553828 40418
533636 559134
972453 323926
71596 568331
503509 425245
203267 822265
577816 906804
919455 293815
62706 245374
934377 515761
215001 399415
330262 380128
872535 642729
647507 560406
789540 482144
174665 584912
200314 505204
539723 899283
809011 906597
124469 852563
640506 767583
763748 312222
893416 484877
862500 867256
644794 53267
215905 662370
608223 928573
417377 418356
565296 486886
282732 583125
288680 228529
696865 37433
46605 372558
127510 237568
28820 113892
676414 647422
509012 492644
443024 769996
670452 16296
91931 328761
949771 106669
788919 554398
920889 383075
246767 970241
734256 181498
501129 494101
967852 242772
92588 841519
305345 849046
787911 501106
875302 350813
111683 365370
222899 859837
945587 570049
704489 490767
217522 735699
516944 437843
990493 642012
499381 703505
126244 920572
52497 764578
21139 363348
539577 512012
806327 675412
226012 664447
523689 353467
161918 320903
837205 803796
429714 181050
393020 511269
738322 385055
808344 519589
669674 367146
530122 548964
101622 27740
323466 100873
846444 101527
812552 405977
842451 498014
311234 592413
747991 523073
246806 858094
608872 516509
243590 575977
775578 344000
729172 690964
813368 189632
606916 563574
55268 288639
497987 203708
707616 171341
509546 603265

