1216 6238
9823 9938
7275 5055
6489 9388
2792 294
2582 9164
8318 8166
2036 9473
98 9744
4620 6973
9438 2511
5914 41
5372 4776
1480 343
4137 429
6298 9688
137 5645
3327 4239
1928 1891
4973 2238
8209 2458
2375 1539
6280 1809
2802 5834
7948 5637
8803 1523
9270 724
4694 9672
766 437
9693 4683
8991 1963
7637 3142
7731 3245
8806 7774
1483 9661
1730 925
1126 6903
2839 402
8843 7824
5480 7609
1897 8609
1971 1939
3846 6685
465 1665
3530 2385
9612 4194
1358 8451
1242 3893
421 6053
8285 3232
5721 6372
7887 9910
7845 9826
7405 7696
6126 4257
8403 778
4833 9921
4734 4875
2928 2948
4427 2082
1050 6065
3585 2052
5253 5559
6133 3863
1889 1342
872 41
4868 5845
1983 1565
9821 1642
7390 3071
7584 9901
3875 6503
288 3427
14 6208
7712 7778
1810 9182
5125 4343
3532 3431
9196 2833
6168 7375
8390 100
8188 4300
8077 2518
8258 9076
9306 8903
2616 3282
6651 750
2088 8604
1957 4640
8953 1282
1054 7873
7620 7940
8014 1626
7642 6378
4462 5281
7623 6778
3384 5727
3990 386
1973 6905
9865 2650
1224 422
258 8059
5910 7694
6424 1903
9936 7535
6129 1168
8741 1915
527 290
321 1204
7563 7474
4095 5254
8435 9129
3978 2111
3007 8697
4141 6857
9106 4282
5918 9998
7063 3138
7324 7677
6875 6353
806 2054
6297 1706
2555 2101
2542 1076
2661 4277
2650 2331
802 6788
9053 653
224 512
3237 1665
9929 6893
1420 4264
4789 6357
9810 3543
6479 7972
5349 8510
5167 4016
4544 6668
7103 1813
2787 1882
7100 8883
6886 261
5789 8443
3686 5887
7572 2226
3818 9530
7262 5068
2461 3955
3897 6984
5255 9656
1797 2713
5947 1235
2450 3181
7764 7052
8539 9722
6955 4162
519 2418
2881 8448
2436 2690
643 872
3201 6999
4489 8005
2810 2362
546 6922
6974 5677
92 147
2587 5815
5839 1634
3128 927
4245 8598
7828 2005
3626 2670
8972 7528
1865 4043
9592 4068
8667 6597
4578 4725
6502 6372
4541 245
2802 3162
5181 9432
7273 2562
9900 4016
8036 5706
3148 5810
5828 216
6813 462
3315 225
927 3916
8931 5364
7958 9297
6464 6010
8532 7175
2982 4291
2061 6510
9156 9222
1244 9549
8505 572
5322 6545
7347 1892
9607 9401
1846 3016
3256 2841
1805 7259
4338 874
6151 2883
7786 5939
5789 8405
5136 243
9137 7123
115 9924
3000 4731
8411 9549
5046 3792
9369 4971
5789 442
7880 218
5536 5427
8035 5028
911 1722
1002 5674
776 4942
3523 5615
3832 5543
4519 6511
9032 4276
8512 5442
384 5321
8230 1067
741 630
1623 5036
8134 7019
8540 8638
249 5838
3014 335
3835 2244
1200 4720
2624 5839
5119 4236
7563 6045
3950 6603
3013 2235
4187 3457
4485 2985
9297 3840
1927 7893
3657 1031
624 8282
946 5922
3006 5450
4044 3865
5119 9971
8109 8930
3808 679
7990 4136
7122 9143
6250 2716
568 9578
7074 157
7770 6348
5023 4672
5183 8207
2833 54
4153 7142
8409 9066
5368 3815
2993 526
2092 3957
4302 6433
5930 5180
8061 4736
5209 8992
9879 6314
6775 7480
4620 6816
8318 5498
31 3710
9895 9143
3410 6275
1807 4489
9568 7032
3474 6151
9616 793
8538 130
6950 3818
4977 7061
9522 6958
892 2825
9388 6559
2190 4180
7206 1364
9168 2734
9218 373
2736 8693
8089 7923
6231 4776
7442 700
8304 1424
2264 415
4974 2645
2707 300
5578 9112
3570 1627
7330 5000
6790 2819
9421 1228
6904 9467
2221 307
3900 9672
7599 2554
304 7823
7848 9429
8160 7750
3527 2651
1029 9422
1434 9216
9355 2555
2411 3163
204 8807
1249 8488
4553 7094
2525 9126
8590 3944
4099 7852
9601 9833
2663 4592
5517 2941
3120 8381
8110 9412
8328 4846
8676 4661
6103 5361
6826 5678
6596 638
5012 1867
8006 2177
1816 6321
4262 1532
4921 576
3802 1978
3368 3141
8134 2093
8821 8028
264 8759
2501 3414
7861 7835
2801 906
1609 3179
5116 1659
9491 3091
2232 6845
5029 2768
6543 5674
7253 4164
4999 9284
9709 9952
3478 1189
6960 3267
2648 3329
2150 6214
2038 5976
302 6645
7231 9376
7851 177
1731 6598
3075 6713
3456 4022
3615 2329
9763 5680
8377 9529
5551 982
8050 2078
8899 4727
8322 2312
2564 2455
6083 9010
8293 6110
9801 8815
778 3028
6032 7562
8444 2432
6157 4825
6647 3183
5270 6402
1304 7204
3545 9318
7270 8040
9900 2378
7035 1985
6330 6490
909 7464
9231 2770
2579 3908
20 4441
4454 1995
6411 2115
6953 3014
8979 9388
3975 5197
916 9564
9597 2231
8357 1052
6529 4408
5897 580
3197 4080
6214 9866
2802 3199
8061 2800
5036 2219
7649 1101
834 2475
5175 300
5494 3651
4126 360
8259 9185
3506 8196
3649 8493
5390 7194
7171 2614
2493 982
7685 8234
6905 4276
4983 3259
8124 4423
3419 288
1951 54
9208 981
8485 823
1225 1487
810 997
2555 3218
3052 9835
6126 6759
6033 6753
542 1573
7731 9318
2018 9379
5433 3110
8212 4618
4454 3908
7956 7924
4652 6444
3320 8005
5342 5598
8874 1421
551 4322
23 2017
3564 8535
9268 6924
9425 8407
5150 9684
5124 6952
1312 6290
2248 2710
3952 8139
6082 2475
1654 6752
1597 2980
4359 2676
7526 7372
8398 281
7086 7920
3425 3162
9605 4874
4200 8360
6525 592
4768 7112
707 9696
6664 5751
9379 7358
3556 788
5762 3405
4377 6862
7914 5841
3492 4104
8001 8694
8105 7910
627 673
839 6031
3910 9291
9865 2678
2751 2554
5811 1486
1393 4744
280 1966
9105 7359
3954 9685
4635 1097
4224 9061
2917 2428
7631 6254
3131 8750
5752 2817
6163 7305
2383 9178
5782 4073
5435 7086
5924 6842
6488 5996
3054 7078
5369 2862
8133 2158
7838 6932
1177 2609
584 604
756 7382
3069 8046
7104 1870
7120 3910
1847 6192
9789 4830
5691 6766
3035 45
7887 9558
5375 588
8907 7306
1048 9230
144 6715
4205 6577
8754 9222
3200 7553
5426 8628
3415 2940
2363 4815
4013 7608
9177 7400
6933 9172
3215 8651
2073 9692
6535 7665
5693 1492
1820 5526
2495 6662
9451 4157
7008 1366
3560 9990
8116 3503
7347 8919
430 8734
8470 2589
4354 4852
3880 4546
5507 4443
5676 3811
76 643
8149 2823
2601 9667
4565 6272
8249 2196
4801 123
6990 7774
345 1365
8136 8756
907 2383
8220 7402
6459 2984
4994 5427
1241 8750
6218 8146
9929 1646
8592 9717
1000 499
9316 5299
4523 8713
9388 5805
4773 5013
18 9208
2352 2363
2163 3241
9230 1468
6083 1845
4256 7087
4727 1369
734 157
1337 1866
1812 5188
6049 6479
5371 5173
5490 2188
9669 1142
9230 7147
7279 9596
7371 790
3129 738
7544 6177
2793 7152
5847 9601
9129 248
8738 4475
1895 4349
5044 7030
1768 355
8527 320
4665 9755
7570 2639
5140 1035
8038 3460
3277 8154
1055 6946
5190 3481
3788 874
1484 3419
7987 5429
6568 2358
1337 3446
7197 6551
6780 8611
7661 7587
9116 1856
5439 2
1239 3333
4260 199
5371 7738
9134 7607
4103 5945
3470 1239
1169 9102
6368 306
5308 651
865 8238
3712 6434
4882 4675
5975 7927
9507 7284
3026 1747
2498 5869
87 1045
515 7340
2094 853
3285 4368
6626 4720
3265 535
204 9565
8151 6555
7111 4114
6806 1429
7001 2506
9382 6730
2622 2458
2277 9255
6615 7629
4378 8875
2005 182
7031 3711
6087 3847
6844 9765
7585 9881
7046 8324
5851 8567
15 9277
6741 5593
9565 224
4150 189
8949 8819
5569 5409
9552 9878
2210 6394
7343 2449
4950 5655
1398 1928
7441 6345
8772 9162
3788 4714
2493 3265
4724 383
4414 6962
9541 8829
471 6431
881 4882
4227 3136
4962 987
2028 971
9029 3438
5474 2538
6574 154
6331 8872
7243 4532
5600 9075
855 3635
9441 1495
7490 5691
3038 9949
3374 2162
8126 4073
3010 9451
6153 3146
5150 133
4650 5374
4718 8785
3755 9902
2815 9961
4547 1730
537 7141
2829 8150
9147 7357
4486 9682
1092 3167
4816 1650
8907 4007
1724 7463
2907 4300
8831 122
9003 7514
7502 6194
7516 1555
5982 2101
1069 2797
6851 1565
9271 8
6866 1993
6972 3229
4675 8159
3280 1144
1964 60
946 4254
6378 9454
5785 2094
2782 3140
5251 493
912 7484
7131 180
6248 4552
7705 9276
6607 3471
8867 5779
5388 5915
1840 8866
7510 2356
7813 6491
1268 6581
8323 9270
9658 9134
9473 8260
2833 3166
7419 1277
6594 3343
1065 8765
3516 9905
4051 7451
4033 8504
800 745
8197 1547
2738 1977
351 9286
2705 560
5155 4610
94 2082
9531 1189
9517 8627
2108 3129
8670 8678
3401 3788
5323 6256
1600 6732
9489 2930
4253 6045
1464 243
8895 8131
8704 8258
4484 1455
8241 2863
5344 1253
5284 3704
3896 1384
5924 6248
7853 2878
9109 96
8894 3945
7425 4414
4558 4630
1141 4218
7299 4208
9229 9108
9332 6040
506 7601
2800 8646
3193 9826
4938 531
8376 7564
5872 3336
9165 1834
840 9194
8641 4175
8323 5280
4492 4341
7755 1768
3337 1412
6017 6569
2367 293
8479 1046
3395 2297
496 8703
589 8254
5929 1016
7787 3922
3094 1237
8145 903
7309 5541
2636 8652
9302 8411
367 5596
5817 5146
427 4003
9756 3280
2028 6271
3539 9898
29 6543
9073 6062
7262 3653
1891 6080
4919 3527
4663 739
394 1582
3923 7645
3880 9082
3689 5457
2219 4720
4591 61
7866 9391
9954 3236
2391 8643
7513 4710
8703 1556
8979 1663
7112 3061
6176 809
7375 6238
1502 2004
6305 1582
2622 6043
8457 6979
7542 6146
2575 2203
9834 9887
3694 6911
6362 8990
5492 6623
1759 990
9767 5727
4631 8912
6763 7988
8237 422
5382 3338
6060 205
1049 4381
856 8261
1186 4038
5314 9128
565 1753
6316 9977
1111 366
426 6007
6681 4355
3690 2898
5017 5810
5595 5185
24 9217
4179 5945
4287 7220
1587 3990
4668 120
1318 6988
9291 6243
9562 5731
2545 5326
7820 5313
1832 7573
1093 1629
2533 2018
1185 3635
258 3263
3203 1669
8596 6305
2327 3676
6929 5723
6890 9239
579 680
909 1959
5664 3013
2333 9134
5594 1111
74 2199
6250 3221
3387 1730
1104 987
916 3906
9857 3696
6225 5748
1073 9726
9246 2562
4789 3115
6659 2583
7579 5697
6400 2331
9610 5213
1708 3496
1364 6433
9394 9791
5974 8059
5386 5502
8418 784
9341 1980
3908 783
5811 9562
5663 2429
153 3683
8377 7609
8942 1691
4315 7945
8610 8928
4859 6245
2490 4310
7440 3988
4395 1042
3249 1347
6582 1811
2345 7748
1530 2956
7498 1573
7686 8299
4518 3270
7874 6527
1785 6677
5077 2163
7529 1829
9857 8280
3161 2827
3004 8544
8112 6285
5569 1238
1984 3086
6011 1989
2178 290
3877 5025
8303 7403
3250 5088
3656 9469
7258 6482
6510 8123
1433 9498
8728 1003
9534 6725
7950 6527
4278 6005
4802 9335
3560 281
9849 4285
19 2363
5948 4095
6173 6802
7217 4464
6803 9154
3034 1208
3618 3301
5576 6747
6575 7263
1499 8717
4252 3215
8231 9802
1284 6256
9424 1197
4041 5548
6954 175
2283 6315
8003 6121
1282 3252
8352 1623
2009 7341
9834 5887
2588 6576
9755 776
4985 2218
3794 7684
7253 705
6982 561
1326 8999
9719 7848
3127 6279
9998 2653
3176 9443
9615 3188
683 3204
1812 3601
7187 3071
6176 7375
6078 911
3341 5506
9584 1805
8557 2049
8849 2167
1398 7263
8324 6766
9067 4049
6304 8565
6586 5661
803 2997
7285 8319
898 254
6083 5506
9743 3679
