852 266
723 911
203 412
641 981
232 621
172 437
228 68
788 660
943 32
953 843
281 265
686 530
228 931
167 185
26 161
851 307
190 112
202 855
313 598
63 583
58 573
297 459
368 263
558 749
613 381
118 637
173 94
982 420
462 63
899 409
514 9
542 995
678 571
213 802
639 26
134 811
127 586
691 517
75 319
89 616
570 656
855 109
878 485
749 595
710 441
852 368
751 974
65 668
468 634
181 500
799 311
383 471
765 263
215 107
503 769
122 59
590 246
345 219
759 865
839 96
445 257
578 955
303 761
145 127
391 986
564 403
999 57
940 224
791 532
878 666
796 300
480 205
424 189
96 674
44 943
397 627
675 155
620 847
172 430
339 429
272 274
970 232
154 977
640 519
512 5
259 307
312 269
214 643
346 612
186 138
229 70
109 647
116 417
202 743
242 944
130 457
117 910
302 593
580 158
984 434
726 689
692 809
14 169
735 606
737 246
267 963
532 816
314 299
3 542
425 498
308 75
169 421
692 232
430 194
744 299
135 777
95 834
620 667
693 489
265 592
982 923
746 774
903 90
248 35
791 813
194 383
933 85
646 320
989 184
202 491
856 6
525 527
212 368
327 588
897 161
816 197
829 975
705 135
592 724
492 653
730 302
621 574
154 606
327 962
826 450
141 956
699 347
498 930
822 142
535 155
678 638
579 433
519 768
842 41
367 465
387 974
690 805
844 241
781 613
268 124
209 296
305 98
844 861
202 779
943 677
801 849
861 954
228 188
607 356
163 995
540 578
823 142
98 345
41 873
854 798
395 250
632 644
671 950
136 528
783 232
730 717
757 594
265 597
218 751
499 146
189 348
974 331
21 810
134 562
53 520
192 690
462 222
589 359
898 97
996 994
621 283
676 577
108 31
554 537
199 521
522 404
479 78
497 88
883 200
879 432
882 459
946 928
701 540
225 381
27 36
136 689
614 16
269 216
375 301
889 189
919 141
700 982
227 869
250 702
740 117
400 873
133 738
513 275
230 958
660 361
930 365
543 800
139 526
73 800
310 984
502 209
128 903
179 648
540 106
276 840
162 87
580 629
12 626
19 750
467 459
166 457
531 684
495 109
205 392
429 228
357 311
194 504
361 618
345 87
890 500
401 845
242 55
651 842
700 58
994 501
521 680
976 254
93 471
245 467
732 695
190 949
640 271
432 6
969 193
398 390
903 374
2 440
2 139
535 52
211 365
96 991
341 384
749 881
102 10
948 819
684 598
913 799
943 726
587 793
959 266
824 314
367 59
555 474
899 722
214 795
231 693
471 340
999 429
126 131
797 296
840 596
81 808
897 175
838 240
564 83
944 491
321 281
635 26
521 776
621 810
89 579
494 512
957 655
355 150
221 212
489 840
102 847
579 113
934 969
203 903
239 132
776 210
570 973
197 654
618 274
280 102
414 966
449 341
356 965
578 55
256 643
718 454
851 260
739 128
641 981
398 74
398 474
296 569
105 23
277 61
15 506
881 825
153 628
6 193
477 785
301 944
752 47
783 927
499 809
331 989
822 158
505 717
606 414
159 98
289 271
983 62
483 840
701 46
9 218
818 56
412 999
564 735
839 239
898 851
811 763
690 14
986 624
436 427
146 597
614 18
79 610
928 459
301 866
461 91
538 843
665 383
191 25
650 983
110 41
796 404
416 783
705 402
595 658
426 910
309 957
702 998
107 983
674 433
265 257
453 779
378 763
20 724
828 164
692 390
396 615
608 776
879 243
225 873
623 815
362 880
460 748
247 819
46 284
249 326
511 275
883 234
645 294
495 231
36 726
420 279
941 598
747 532
713 842
906 935
284 228
2 726
629 501
411 42
506 539
503 335
369 386
378 983
280 53
99 41
588 854
564 618
24 887
382 970
484 122
833 80
701 106
272 62
542 536
272 175
196 278
237 393
990 875
355 251
244 925
278 612
74 99
455 701
711 409
956 873
933 771
694 987
71 897
792 677
353 668
75 959
112 472
309 724
335 435
901 410
158 213
443 153
953 110
488 559
675 100
808 481
116 445
219 462
187 178
715 941
37 631
834 928
269 976
915 906
273 992
261 48
720 852
83 757
721 744
912 20
597 443
230 562
972 176
401 159
797 310
122 300
59 783
334 593
672 619
969 761
586 779
818 913
532 810
752 380
985 292
445 554
776 517
403 176
299 978
954 477
322 773
774 967
40 839
407 714
642 824
192 353
461 730
602 493
206 267
201 119
60 165
41 17
235 624
993 881
407 110
398 70
24 305
744 119
66 643
100 462
954 643
981 115
815 817
245 626
849 574
48 602
483 956
279 644
146 738
115 301
257 545
939 356
47 337
105 101
659 359
265 143
380 835
116 62
49 902
399 835
891 482
433 506
835 381
238 521
608 281
648 72
478 23
195 253
988 949
640 7
726 276
395 261
311 46
23 293
192 692
684 499
187 137
948 845
934 879
974 627
539 253
342 917
136 574
641 776
491 177
405 464
804 157
141 779
772 335
266 503
734 747
639 613
430 434
444 513
980 958
945 801
228 810
609 829
240 95
615 804
209 987
252 190
422 904
166 180
514 230
820 789
826 519
709 882
957 878
941 501
538 626
414 89
996 699
458 410
190 442
901 883
247 505
220 147
991 490
566 113
487 764
286 644
851 928
920 793
859 319
916 585
644 456
200 881
960 414
762 972
758 655
695 861
272 447
118 982
257 472
824 664
677 163
172 527
401 870
254 411
114 55
969 610
579 124
98 934
226 697
641 349
798 689
82 192
528 591
248 884
698 188
461 339
212 819
72 850
963 551
568 810
145 946
478 720
845 410
387 856
613 635
635 725
252 406
740 787
314 219
816 839
932 968
603 537
119 176
106 48
461 184
504 44
701 751
481 330
930 307
420 249
209 444
959 920
715 891
802 601
147 321
981 290
770 925
159 618
267 824
773 874
449 437
554 545
275 962
685 52
226 148
43 843
508 591
779 996
452 931
864 442
805 115
520 622
939 269
143 963
204 964
278 798
24 759
211 850
3 378
31 795
315 172
468 529
983 592
585 585
3 185
85 666
921 435
392 610
986 604
671 277
10 471
521 851
956 137
312 407
398 427
211 573
766 81
858 337
293 157
712 208
123 108
282 125
28 275
224 834
749 982
480 253
801 475
583 887
809 321
386 306
580 379
28 719
180 960
950 770
644 830
813 836
60 705
176 897
921 21
540 780
561 143
396 683
871 201
942 860
29 442
497 109
393 870
503 189
980 584
610 327
82 436
181 251
689 679
94 327
328 187
945 431
699 698
32 561
582 300
169 610
206 816
963 833
507 598
553 666
18 958
47 415
317 321
312 795
936 808
621 136
639 92
634 409
930 862
278 682
851 70
401 944
55 135
521 565
425 614
180 68
416 807
101 556
398 765
287 514
287 611
726 914
999 45
254 54
814 999
515 660
507 111
736 111
51 834
959 699
167 161
125 112
857 990
219 556
963 225
136 235
367 662
717 22
809 790
58 792
979 874
550 433
985 365
926 214
269 518
385 631
705 366
800 437
459 277
157 92
605 967
779 154
977 596
652 159
899 385
710 369
727 680
175 983
178 719
345 177
509 31
713 485
575 940
189 995
57 57
751 664
472 588
700 640
560 348
483 97
676 274
570 590
931 692
472 258
606 38
247 376
635 170
829 961
820 215
888 504
31 760
208 620
711 30
509 535
263 131
153 737
31 968
801 827
712 843
650 504
862 486
470 753
371 265
520 160
454 896
165 483
710 815
308 974
414 470
735 33
101 56
268 504
503 778
786 852
995 977
501 694
64 90
254 863
862 806
879 377
226 477
760 438
134 194
849 764
442 745
704 597
176 726
981 994
416 184
607 589
171 261
185 310
561 586
909 230
728 326
142 753
610 210
90 48
756 382
658 317
697 176
400 163
349 397
242 653
562 805
701 56
627 876
825 10
326 359
965 653
89 411
505 374
262 592
230 285
116 460
998 899
129 626
376 678
28 481
363 197
56 541
756 357
967 373
819 137
631 268
632 769
860 779
307 738
139 234
207 886
294 104
873 192
445 997
495 506
464 934
73 11
367 99
622 292
685 245
551 707
117 950
722 290
870 986
515 412
73 152
363 180
416 518
495 249
677 267
699 999
575 971
920 640
449 6
950 166
660 675
998 184
130 149
101 260
127 158
670 224
379 720
860 202
478 464
209 355
92 516
467 814
692 627
174 78
56 740
463 589
785 756
259 929
927 952
795 698
126 553
894 976
886 471
139 254
298 744
413 39
980 958
217 873
373 876
8 784
570 877
381 305
659 958
915 268
514 789
58 13
625 635
82 969
524 514
996 192
260 377
312 954
869 868
861 214
52 828
141 201
715 734
53 835
982 905
8 35
226 309
860 640
188 439
295 68
528 407
343 976
313 168
807 181
197 679
363 986
639 174
351 818
380 420
859 471
164 5
524 216
1 273
787 628
656 15
585 671
609 99
336 978
30 151
872 101
465 134
163 918
548 325
641 892
499 669
280 33
871 610
61 198
