4311 7981
1739 2622
587 332
4754 3751
8320 9221
7678 8680
6746 4974
8966 2669
3107 2815
4301 5914
4081 3167
3183 9118
2380 8819
2593 7456
8912 3603
1215 6930
515 7828
8296 2137
67 6424
4400 3170
7651 6429
3286 1207
4568 6922
1941 5297
9679 1699
1634 9402
9896 5542
5099 8449
915 131
4323 6891
508 5854
6512 2762
1610 6530
4078 4082
1804 1551
7532 8706
8494 119
4035 1614
4171 185
5807 7530
2597 1522
793 7457
6812 8129
6670 1665
9293 1168
8636 9059
6782 2510
8315 8408
8043 2358
995 9521
5793 8335
781 3063
5641 8530
7789 2091
7103 5508
361 2562
5345 4693
2637 4574
4342 471
4812 6501
5210 4837
579 661
9598 6385
2142 9100
6921 5540
7237 5563
4308 6334
8831 5975
7098 7992
6454 140
3918 9269
6779 7957
5067 7908
8850 3867
3806 3165
9618 6689
5170 3754
1197 9778
7908 9280
1501 9014
9286 9265
2656 3064
3595 7810
9728 4488
5524 6381
7117 7248
5518 1411
955 7848
2087 3098
1362 8951
1807 8613
9020 3009
9956 7387
7337 8917
1848 5701
6537 8494
4145 7363
7909 3543
714 7235
4697 4694
2704 1534
1621 6859
5432 6780
903 9554
2319 6553
9178 6467
1010 2502
7557 7819
9167 8193
1403 5098
4375 8202
5630 1774
6328 8915
7474 9684
3320 4075
9396 7136
6055 3742
7192 497
55 9543
4029 7956
8069 815
4244 4097
8034 8868
7283 3949
4173 6459
7205 7779
5892 1491
9540 2782
2579 2494
4932 908
6707 9198
7456 3897
415 3883
349 6173
7859 2428
4923 9451
4816 8421
1987 6502
5185 9508
2313 3273
2022 2
8813 2855
4854 2985
8544 6974
665 7868
8560 7475
2885 3984
2930 5713
8151 2459
3851 1189
5997 1433
8184 801
3856 7180
2395 8012
7411 5672
9827 3856
1295 819
1976 9198
1873 4763
3564 1442
3698 6414
5563 4522
1403 1878
2976 6198
4456 560
418 2008
8774 7840
766 5546
2409 237
7590 8455
2799 6838
9093 2245
1126 1903
8530 5863
3158 197
6129 2013
2078 9537
6968 697
4161 8484
4163 2551
7494 2974
4557 1816
4874 2194
3715 5299
9070 9992
2143 5322
4496 8374
2222 7871
4334 2596
3891 9775
3809 2879
2911 8542
2870 7023
6779 4746
6417 4663
7804 4340
1017 5531
4756 7881
475 8616
2829 4488
6211 863
3001 7024
490 5088
9840 6633
4935 4971
5851 9233
7344 6399
9226 8038
5620 8942
1641 9738
2729 1887
2944 5902
6602 5691
4195 6749
9412 9923
5096 4714
8403 9647
3459 4455
4336 3587
5189 2138
6783 489
2963 3875
746 8748
3761 2115
5732 8975
9466 9619
1791 8906
5941 700
484 3043
6820 4481
8326 530
6146 983
7073 7128
680 7198
1204 2409
6250 446
1650 3633
4586 5796
704 5291
4680 8331
2029 9374
8889 2280
4353 6677
7860 3572
3539 9682
7602 7407
5082 7891
4629 9976
1260 1345
8007 9596
7072 8721
9146 2034
3095 4603
216 3933
4882 3987
5188 5892
6685 4851
8461 8888
679 8783
1449 6961
2837 8416
8458 7591
6993 5251
2603 6819
6918 6962
329 6972
4782 2936
9527 4686
9194 2280
3496 2831
692 717
5410 8592
6626 6080
2624 7580
211 2038
398 3020
8421 7379
3731 5081
4539 7180
5364 9261
2678 9043
3130 9640
3469 5847
6473 5277
1923 4833
6453 9080
7373 8214
7981 8448
3823 4861
7708 9821
5496 4903
8090 4561
7990 2686
3808 6509
4517 7318
3225 1349
5228 7771
3468 2024
5126 4303
4316 481
6151 6540
736 3136
5568 103
406 8476
8973 8509
3073 7732
3652 1909
9049 3834
2987 978
1412 60
5795 2856
4869 168
1907 4601
575 6897
4128 8342
9143 4703
7920 5145
2829 6558
6594 6609
1792 2813
7432 8166
1238 963
8253 7900
8278 847
6873 1453
1158 5524
910 1891
5594 2692
9757 4812
6079 4664
8254 5011
4771 9586
8895 369
6898 9988
9653 1533
876 1220
1205 3344
6441 8977
33 8267
6130 2376
9280 5096
5543 9744
2617 3707
88 7447
7 1628
8670 9688
3878 8791
3252 1293
4087 79
9431 1578
1541 8504
7114 3142
8348 7068
2897 4201
2156 7225
3964 6612
4928 560
4808 8077
4043 3842
3680 5229
1657 6219
873 6387
3387 523
497 8195
4407 9992
5789 6700
1842 4726
5281 8109
2217 7803
9528 2143
3721 4734
9976 2268
6732 2302
47 1878
4255 7881
5857 800
2226 6222
3386 2682
1172 4534
869 3889
1180 7270
9932 8902
6837 6741
4883 7857
7118 5161
9069 1115
1077 8454
4505 6108
5338 889
337 8222
74 3945
3107 4922
1833 4611
4395 6864
8708 4189
9637 9560
3809 646
3602 4890
8462 9687
522 2869
4596 642
5561 7411
1770 8672
2258 5556
8549 2815
5701 5881
3473 4296
2367 8894
3546 6860
8898 4801
5775 2762
2588 4427
322 3479
4238 183
2321 2188
5269 9732
3932 8237
5650 8601
7137 169
5842 568
2719 2205
2179 9211
2985 3446
9653 8711
6139 7659
2778 2604
3606 726
6115 1981
46 36
973 7835
3810 2198
7238 7011
5958 8123
6920 8628
9008 8027
1496 6302
9187 2332
7687 8173
7961 4571
1736 9674
5048 171
6925 8947
8844 6990
526 8176
1507 5797
8855 9152
9383 521
8374 8923
2650 1843
6523 1678
2184 1738
8229 440
6913 8603
4996 6280
5258 179
4655 3866
2381 314
5436 8132
2211 4859
4037 1979
2651 3297
969 8216
2361 5895
959 6681
5692 4930
2884 3593
241 6413
2087 9328
307 3961
5883 3095
8411 9076
5886 4576
3744 3012
8123 5895
8995 4294
2753 2177
7090 2259
8363 1226
1716 5908
9511 7499
8686 3879
1761 9667
2906 4889
7816 3029
7091 2588
3443 4139
5678 6253
4365 4110
6208 5630
883 23
6928 2539
3560 1327
1693 9707
5640 5184
8044 9982
3084 1998
6211 4549
3202 5561
8084 5154
8455 1551
6228 5704
4053 9761
524 1447
5267 9794
9669 7391
132 6742
5944 1000
445 9708
2004 3933
9978 1774
4524 5951
4081 7695
572 7693
5448 169
8347 6740
4269 1205
5422 8639
5484 6996
6384 2552
5941 7188
3643 4132
9343 8949
3566 1275
6809 9955
7231 3739
3095 3358
762 9247
6809 5567
4364 5771
7966 6953
3733 1634
9685 5124
3325 2747
9280 8838
9284 1358
9651 2563
2529 5227
2258 6104
6817 9777
4800 4127
4612 2549
2983 5739
9863 2834
197 1111
7001 8368
7722 790
6683 5213
624 6968
3297 1789
7491 8577
1182 608
4343 9961
9015 5526
4438 3386
787 3875
5260 30
4040 7649
5588 4846
4804 5262
870 9424
4714 4633
3562 8292
608 9195
4452 8565
2796 8263
3847 1048
4280 9081
5327 3942
4272 9446
6286 7205
3360 7154
7913 576
4451 4893
2940 188
1441 3733
7097 3959
4683 8121
6748 5696
2701 9652
4687 8291
1488 8028
3028 622
2280 5313
5084 1571
9450 3482
6556 2683
948 9776
6219 2461
5589 9319
4515 549
5489 2779
1024 7418
3142 324
4419 3504
2241 7758
5917 1471
9326 8445
6244 2148
2458 3083
2058 3365
9403 5589
6352 6542
6195 4042
3627 9758
1401 4373
9424 4890
9671 5997
7699 4915
2399 1722
7213 1098
8975 6891
5516 544
8513 5393
7184 9314
7406 8634
8687 9092
945 325
6902 5380
1686 279
3590 3833
6133 9135
2680 3347
5337 7536
5979 9855
5937 250
2102 6659
4685 6613
4703 5424
8222 9830
6232 4553
3535 1515
9309 4027
814 8656
1080 7190
9510 6524
2497 1230
2788 5775
4654 9397
5254 3609
320 3858
2602 6090
586 9765
8843 1961
2121 9305
170 3427
5088 4925
7872 7211
6641 8714
6607 4947
3709 4351
4737 3238
1336 493
3645 7280
5783 9905
4740 7781
283 7451
7421 2953
4959 1335
1796 7232
5518 4343
3072 8507
737 9817
8978 3971
6541 826
5956 6255
5629 3252
1189 6936
8309 1149
4227 8891
6394 7758
1928 2611
5034 5442
5795 5667
6855 3965
8654 9846
134 5182
9065 9699
4453 7072
7040 7306
7576 6340
5231 7119
9825 8961
7602 9497
885 8802
1538 2061
1091 3896
9738 9620
4479 9676
4658 5604
4643 5569
1573 556
5165 2388
6605 994
9095 975
4432 5031
2903 2027
3423 7695
9111 9946
304 753
1005 6879
9993 836
4286 2353
8282 2452
8050 9868
8293 2578
856 9644
2480 5900
5983 8403
618 4117
4682 4587
2033 2928
7618 50
3193 9523
1764 3264
8036 7261
9447 837
7730 6989
3162 5392
5309 6298
8146 8309
1436 7691
5305 205
4348 2820
3517 7106
9435 2523
4201 1534
4794 7343
4932 8049
3798 2033
3070 1061
834 3670
7984 7041
2027 7091
5130 2378
793 837
3376 7131
4087 7654
8812 8714
2721 8332
1254 2785
7306 9561
8008 601
1644 2982
858 7058
827 7603
4361 2516
3548 2900
8460 7938
8209 2772
2837 2010
8243 2205
8629 5345
4601 7910
8961 1058
7770 3533
8519 6771
8908 5879
9029 5371
1498 1288
1584 3698
3039 7300
5448 3012
5400 8530
8759 1934
9270 128
9525 369
2584 9038
2206 9643
4509 3304
6592 5057
4909 4236
5523 2662
3593 1940
8876 6847
9968 1121
8416 2898
7452 4952
2249 9369
7755 799
5304 5701
6973 4913
2384 551
5094 4557
6089 554
1031 2572
9333 7037
1453 5163
5497 586
6529 1713
5469 5222
76 4964
9915 1557
6728 7693
1100 7608
6442 8059
6068 7972
6667 8864
9479 644
7361 3313
6699 4136
300 1118
3714 9916
5409 5583
4779 928
4588 7098
7246 6850
4724 3351
9933 6416
3788 6823
2248 2497
6212 8572
7829 2997
1821 5048
6920 2770
9556 5770
2243 6696
2637 1939
2942 5866
7931 2579
7510 8058
2729 1451
3155 8879
8182 3662
3593 7381
5851 7122
971 1028
5184 5542
5595 6210
7308 6561
6957 3505
7427 6293
8953 9111
9577 7345
5816 6724
3502 7488
7624 8142
9629 2228
360 4717
3331 2566
2613 5757
5957 7906
6477 3150
7747 6883
3218 3546
6727 92
6035 1084
8064 8034
4243 1630
2696 4414
8124 9196
2599 4794
6044 7793
4592 528
6568 7339
3116 4892
876 1715
5021 7941
3382 3226
1761 8895
5953 8481
9384 3872
6266 7450
362 2592
2062 4293
8596 7968
1381 2305
2078 1258
1162 6293
1172 5615
1469 3975
6686 7814
1779 7474
5374 2530
8417 5174
1126 7286
3550 1592
6399 5202
8311 3036
2374 1696
3346 5480
5323 3014
7511 5700
1965 8952
2429 8607
4281 7237
5384 2113
1073 4436
162 788
7549 4792
7867 908
4193 1256
9731 9758
7315 8312
4771 773
3055 6696
1687 8465
5769 4687
7209 7758
9310 7509
3639 2418
8747 6568
5290 5651
4665 6624
4456 1061
8743 1945
7369 1367
4210 1888
3431 1095
7956 8035
9856 6304
8511 751
5218 6435
2422 5569
569 5478
1580 3523
5471 9123
1438 3911
5832 3175
6342 5701
1624 1630
8630 5817
9953 9902
7402 1294
9447 7514
1512 8879
1164 7271
4052 7950
8198 5529
2332 7264
5306 874
207 4957
3188 5863
3664 9521
3449 1837
5660 1892
9344 6459
8854 9599
9181 7680
2342 6913
72 5978
382 6180
4710 2511
6892 1999
3049 7551
2291 6702
1968 8077
7436 1715
7846 5504
4561 9619
3980 451
8401 2246
63 9499
1870 6673
5890 3625
3722 5059
8293 8580
3469 2587
911 4601
7159 7700
7402 6825
7479 4262
5750 72
633 1818
6527 572
726 3819
3956 9634
1194 8308
2457 9411
9911 6199
474 252
6539 9940
3609 6262
8616 994
6150 1703
1949 3153
3565 4393
1064 3670
4414 3330
761 765
285 5632
4210 1613
3304 8103
2750 5830
717 2060
2345 7977
4378 7403
4190 7873
7189 1679
3186 436
6460 8885
5862 4012
1692 38
9645 4914
1626 3180
5192 8452
4462 9875
3567 3305
8557 2459
5581 2927
6659 8187
6171 6171
