225669 900953
464464 655204
497767 956812
579415 909997
834545 28801
551800 85728
657021 179019
957652 790518
404220 45281
950475 12945
450545 457466
528216 141932
721398 685319
586944 46995
609389 236287
811527 634443
818159 614411
474130 21997
21201 409210
435142 589399
404649 511847
708347 259677
130078 971763
293248 766351
635455 714891
350086 872811
479401 704964
29024 670312
416262 324476
145505 799857
885105 590256
25782 965357
464250 627128
961172 107966
725253 33509
671394 478945
691943 399753
616596 601936
876975 853019
78980 507282
292825 539680
392755 507705
677423 893191
53088 848894
825315 809063
607844 662128
850178 455021
319096 150392
838410 130948
789088 439224
834427 141101
626456 420355
861526 64647
991175 475241
279536 341139
626100 833192
980021 495652
755880 945956
54798 395086
400013 127215
967280 503784
988539 796920
335693 330994
735998 300592
194283 944697
993406 816765
435938 535358
520385 315628
409085 531677
263378 736167
237282 804413
158643 506688
885761 719657
935660 638766
566884 906038
640052 102971
219973 84857
956933 108603
694740 871748
599022 229686
762485 521600
830732 89014
636166 63086
593451 236155
173377 138704
485673 584247
614180 240727
784125 708899
675333 222132
602946 368945
331967 845236
982216 869735
922714 178798
993121 404095
336411 393171
898275 212035
119389 521341
67512 249745
699891 63918
820007 882083
163561 770802
454480 176894
497239 305718
466160 918651
306195 380865
277198 821696
200398 15493
388167 268424
92459 861707
87661 267754
104250 952516
766588 423003
461866 617608
617032 746263
847438 994898
556512 23496
513642 400470
66993 975736
466872 734560
163272 812678
602440 339621
732086 849018
103283 66091
917590 886261
768125 594426
859626 492804
133126 167785
288665 543569
214043 963992
840054 967821
592883 751250
948297 46350
81752 839957
300819 515264
197681 17340
253621 303390
151318 960882
52655 704181
150164 433269
312199 77854
135855 447351
117368 559424
142799 879793
1659 630246
192197 320565
344290 179604
873957 798496
174761 589962
113369 946994
87281 704375
52159 351167
593943 380539
588524 566819
366827 895143
571356 193584
872078 5662
152724 26896
112228 920713
897745 951655
434319 503355
41267 585025
73386 753507
95552 706647
408923 822473
322839 825806
486108 579499
408166 44413
146142 532273
742240 586836
480863 969964
931470 737394
83391 995469
423210 526480
635659 635969
504142 160559
156538 736598
672658 490250
924729 276089
128890 705363
641867 950765
726278 598637
331691 835089
675086 861616
704940 908153
173482 119253
625393 495927
658909 841359
149708 720082
268088 102393
296117 212964
353677 593305
626978 930861
91090 932764
865301 322441
984559 145499
741268 182841
186406 326025
367170 103035
795550 900160
39827 341697
807015 650918
502956 55054
674833 756403
998439 758027
864696 190617
730824 639618
987719 738054
56102 886493
266492 702641
646561 925669
972046 643702
186265 232242
118854 315124
75244 920097
204870 321931
175306 179500
860973 487079
788705 596096
350649 136951
199665 493205
707803 988801
846032 37494
667373 441625
712989 671796
878991 793386
683729 442460
359209 162807
195574 210415
303335 919290
527186 585468
164216 335085
693711 739270
857957 611759
922252 295352
850273 514057
794177 892896
952168 590183
285613 179285
560679 502974
481778 142384
195798 456869
466547 302179
183385 312022
237374 418053
711022 298494
449720 669703
797961 797663
338315 105830
918261 148974
899134 431453
582881 478922
138524 345719
573676 345871
481877 232018
388340 547906
835047 935775
944017 241149
925734 566010
333114 167186
428234 884006
428876 650003
696018 767280
958653 108508
586336 911169
388218 635929
449921 214990
874157 153152
53824 246717
514752 378187
590235 352408
50290 717419
718010 796752
852955 181945
481956 741481
922320 606674
136053 610948
89182 776333
844241 567640
869058 665113
388152 212484
883405 691894
600322 377327
332824 424248
9262 180244
51226 454124
514131 70759
578310 766232
857670 409193
519583 144617
273791 477632
470058 179592
252222 311275
456810 337542
148129 148308
691511 80023
236906 340831
849330 250627
133380 524191
774646 392041
792009 882956
212761 295462
937665 226561
373566 559654
135316 591212
381621 559425
501964 647650
448194 229626
328836 193425
532940 263655
872746 529935
172729 782407
135385 94692
54645 61255
106278 219862
663582 149458
562813 861385
340923 892690
162404 352110
636710 917102
628810 451983
109239 825151
115881 122420
151632 37591
225788 538216
164677 550448
734328 645351
967200 635466
211970 58719
568095 484364
992085 349683
479020 690005
607897 154973
290821 332271
186741 219606
789393 50253
520115 301821
555908 432432
109352 84271
31910 422531
131718 638988
514408 835515
334757 124322
22466 87283
425044 508994
387575 796331
20311 534441
928030 892463
796950 580639
300732 600261
513074 882731
218240 951217
189279 451655
172786 450938
647324 755614
523028 272668
387888 870862
222679 275659
657056 244509
324441 6090
278774 338782
364817 988950
805316 632050
17039 518938
125816 16968
73856 317493
410554 646737
782798 174349
348758 300314
397648 210956
915961 952189
417072 64749
139982 345257
88636 478849
966924 593926
904385 668135
95633 503343
842914 77851
543580 372201
131502 76374
169288 209178
279069 614801
168269 180273
769026 180158
657570 367200
666077 677317
816219 319925
608999 715437
615681 779658
351121 676634
651128 838442
219951 920507
163564 435997
186108 122689
281623 715168
919601 436635
903862 884897
883714 596189
66258 634772
295912 261546
38837 656962
590172 88909
223749 926177
554122 363664
972697 286340
741390 838402
242655 556747
222226 308760
30973 749338
146294 53769
958303 13333
555502 299623
229363 151761
172907 607807
15104 819369
337268 276172
834265 13019
159993 360773
278781 566959
10408 512147
575761 584441
246664 738203
875237 162328
920703 594313
183267 91085
615358 393561
171077 533012
203292 810520
632292 694741
647335 299840
798819 817683
867285 227242
187827 257123
331941 702353
879733 96626
886686 878920
105489 9681
204710 891108
531498 17120
738735 717488
188828 610290
114497 336649
776074 625996
370092 80994
561605 623572
87914 992983
495561 461781
712434 276244
917439 441788
416735 12444
57932 876114
797856 151047
922493 876127
727902 40080
586692 967876
11627 774789
80020 348
644879 712340
116719 757288
13798 90432
739078 542885
662445 592203
684110 950409
848713 121274
363645 393815
792946 515491
763875 58872
778526 857918
705587 104039
620363 976553
582966 845581
629502 451004
885820 116479
895157 567254
406885 155687
998436 870413
324723 470736
853172 114248
902342 647285
372807 972249
901350 978969
82820 502510
608877 656031
449579 512401
70640 111697
26317 938547
71842 792129
293958 688416
360739 418101
102847 622693
577636 338642
71174 291469
319346 324991
937727 207158
526902 598953
173380 544157
716951 343319
65088 895852
559338 838066
906768 405775
255229 392086
594590 76231
455222 392009
523129 397031
545007 951962
510284 687373
294765 433587
307389 697136
967309 558989
354104 482810
604871 61161
204447 978579
517617 370691
400038 962432
29639 313976
415910 968487
642243 181595
219938 144240
499911 809368
457300 974393
979407 238965
827158 995287
605995 892294
568971 366043
144341 738695
321415 408668
816981 295808
414935 374366
110485 747219
794686 957980
994182 663348
850231 704751
725274 934671
382527 738168
592224 617972
795911 263078
589048 960931
459250 177497
847633 889620
540751 166942
460819 796811
866427 420034
130841 36493
795059 35812
36601 821260
242837 446463
166066 956333
890660 888480
446127 139885
207227 694170
959689 585518
82867 147755
460914 135663
19465 418457
719042 516614
267100 79562
495630 962765
941701 251069
753990 989529
547344 995047
667208 804369
600496 86694
63199 173920
872722 425481
163518 782469
634471 981716
422863 71584
10603 315747
296005 701734
332754 898095
300526 573102
610207 535508
692064 99294
880656 587791
66125 775723
309 63881
660716 892810
295175 465219
929177 189991
322902 260828
987358 990568
491684 442437
224246 557972
992843 169279
207087 678072
261948 638006
829034 284246
521382 220014
838291 564157
618018 540378
187216 133555
541158 283581
778027 401149
153329 831017
419081 197546
264036 417856
870490 797481
904659 70655
142680 402275
916423 755964
892656 656070
590544 954174
422774 703891
421163 406180
878409 319350
283066 135201
312272 739379
155893 354025
142249 61588
665582 988824
323264 448775
564044 315981
683612 114605
772166 297814
473489 401092
312272 882760
929337 49030
266764 301367
363271 110057
817868 33132
341634 825411
880807 107681
35068 541379
173735 23911
703533 886104
457316 794380
961484 18906
109553 921576
354418 544827
876253 936544
785511 106733
680815 337370
79935 373182
144676 427572
682634 355170
478097 571987
641716 828455
648969 861597
195691 49381
455903 318710
573898 856439
581853 168831
166598 783784
594165 525687
235957 712291
427144 855299
265316 864088
299748 496156
12260 714617
136841 339438
375337 711707
964649 45626
591049 249097
496078 119371
10267 39302
335417 941122
863246 710204
913126 334023
461872 84608
791 823022
635531 853444
548048 781183
109471 154654
924571 182319
369272 534128
492039 153425
629180 545999
387845 94747
537951 205058
49878 511903
998481 657355
713009 544332
684545 33148
791019 887185
897550 886397
247140 374074
417576 868266
680682 975830
632916 241109
69235 668668
503895 336036
351394 14397
302308 298010
816597 851460
343515 369937
846371 491706
692671 499357
302184 795349
968853 191787
250462 204916
699415 253178
665615 661764
812114 985280
350582 922659
29255 579779
967539 590567
549692 96507
549806 21128
775086 494893
765376 667996
945573 219464
923571 762389
919741 902243
567638 55150
219097 939530
246373 487695
359852 989869
971606 17641
380871 591354
510377 609646
870879 105647
672508 868597
597096 403417
694889 91695
207745 459512
587909 25776
573221 856481
600302 874371
133321 2314
160260 693551
540827 210329
14606 534318
899868 888513
915235 633737
247654 985941
290823 218750
459681 155446
284100 455107
801058 174425
351698 377721
387580 234697
349271 984717
754654 524434
803899 874381
437949 623872
44416 236440
620520 515190
890808 200348
502716 641696
153066 680758
79133 222970
323547 286408
401380 782423
12255 192766
308846 307716
648024 971592
919590 986888
779782 951113
230071 886751
624101 360131
108408 546993
524194 469094
55807 657343
652129 924218
456466 246239
396715 24884
198166 69002
829212 736792
147515 200467
431504 404266
659289 773762
76582 779528
135010 733732
131623 280313
965521 402481
624697 474870
787031 262853
859880 691544
515518 398617
409218 58386
598466 296458
251146 615075
826270 344058
949105 315949
358978 187079
829856 642969
44242 740176
228625 849793
624803 237619
814105 858718
394358 227434
168268 681541
966159 741504
733535 144956
159744 633549
980369 839253
980147 159468
723385 1183
25269 203920
468030 535531
661010 761196
990599 568120
315915 343692
461895 809295
113447 407266
775047 183622
586277 666933
143908 34323
631565 87716
976330 170485
904761 291942
749848 997094
865312 958790
188800 693554
953942 433043
910966 360009
338110 577961
380033 662096
685941 895889
468667 594180
182578 932080
900359 953336
985528 840065
133763 538484
137763 53725
60196 992581
806020 769407
457495 422765
804292 250700
332316 619358
625756 135455
168524 499352
653549 351758
202623 408195
68269 462575
230569 931591
487560 499738
278392 531075
119789 909281
244044 182610
9244 859138
564873 203398
554003 191192
107631 960088
583060 100830
943160 24059
588510 749628
509371 635715
214706 206506
121781 263295
330417 202715
656264 577998
572808 374199
342934 907494
908906 254453
41149 499129
959539 744708
579665 103091
457955 477270
311944 354305
538634 891314
177461 461987
83096 604438
983245 70244
804671 123068
550162 842943
467685 331497
550681 346919
799203 451613
873291 684528
52732 811359
447506 99503
141783 581314
890885 600063
127491 909396
173911 643597
114312 700574
598042 490981
143767 698521
805410 97266
374664 409144
590754 233128
971247 534145
720711 30636
588420 633615
880370 549035
123006 316116
977167 501402
67558 456910
674585 185503
613813 504831
333418 103242
34071 833491
387351 399883
116839 790189
316447 942567
78653 169614
926075 516123
70984 321644
672283 495680
483941 900685
232024 841105
217262 163222
392997 164428
861740 398410
940320 533517
965161 369150
304113 630150
941247 196951
448947 198691
608679 975608
649049 71829
284473 823691
648930 886804
205084 771280
438930 805927
697835 555294
934369 763499
591626 43136
993820 164417
769342 541338
80559 826583
854485 123431
23477 886425
452404 540190
632021 400501
959721 37230
434770 672044
139963 545460
756812 663272
705861 396385
647758 383376
796786 496802
770534 510224
114136 135736
667947 483359
474808 393868
787716 901333
652819 593714
393609 315547
315317 758144
247544 440272
188188 880434
778271 659297
906734 484309
769134 313465
165812 780008
304062 335197
523927 652219
78027 787062
742415 622087
646181 267936
660793 308261
751205 823489
11810 576881
717883 914087
720311 610164
797821 45506
649284 447476
372473 452967
758096 585879
17880 307625
843884 518339
768402 95492
218270 569709
227743 88699
921660 819734
618585 650795
384301 34741
999856 799649
168314 594309
582984 600467
307032 43603
963556 109009
562781 399142
470487 351347
53184 634358
267280 545390
431556 994297
583608 657110
269002 646177
273896 594953
778198 543974
169917 714882
396889 495835
318165 783990
881307 32106
323044 121320
627404 576739
420687 856086
878959 606377
559913 996768
560890 629920
109424 469169
30925 394028
802112 57525
629190 813974
472267 219824
337839 710639
605403 792512
882280 672108
467843 12699
630664 129411
832531 514024
118716 394304
782386 858804
313401 578814
352810 169717
890144 789338
923655 579848
201267 162004
