287177 365391
651348 753794
198492 946784
96660 614247
205696 491175
346146 710786
592940 933683
585581 615104
856398 957030
781979 900424
478454 822578
935041 970410
451135 951376
486296 658810
127607 590252
628996 858112
27305 516381
107245 605911
21894 797530
874950 986973
128226 962077
846503 927274
650589 790753
730722 834794
891013 892172
444736 616460
458439 888483
653828 818733
390066 981730
236396 988529
782572 878381
910242 923385
186145 980198
27882 410493
631053 998941
105986 969290
633149 789227
231561 566404
484108 977260
750612 933444
477060 984129
551151 740848
914080 955582
969417 997471
128915 749158
654449 895104
170265 862274
234117 255350
918959 943396
999829 999852
474537 688624
711249 934139
383369 838030
952081 982980
172613 695143
994885 999697
529300 914746
674119 685845
625233 997291
368771 929966
530358 923434
749158 930372
93295 138751
838824 864503
588918 629386
580148 803484
671436 853243
935214 939601
200633 964960
470350 950056
546919 983241
538691 966356
427444 829782
525439 644990
377734 416894
238851 749684
465259 977186
975869 982448
829091 905630
437795 623855
948321 964542
437566 537660
490706 917713
778778 835923
876676 907850
937281 961845
946288 946485
653161 742799
866403 869860
352577 749509
591798 845370
623882 674557
401129 990302
747614 801936
468461 688745
228226 471826
151594 422342
518142 735769
869337 946603
446131 520529
737275 893986
510294 936158
802072 894684
792811 798234
266632 885196
296128 442245
442505 606036
74882 238700
441863 618357
472479 527250
897667 993597
944875 955599
519455 950198
148716 999958
890520 892934
415156 724064
528918 997701
619532 958328
808057 824632
249836 980225
366865 946962
925836 970506
697246 828167
395452 431442
565634 992031
871530 912376
981535 986673
934569 987022
290875 679627
105686 805625
752312 991147
246139 711404
741806 981833
693650 878241
259801 707313
573181 668216
393791 939747
118368 968576
497917 663947
867863 952573
750264 990035
141170 186678
633995 884339
255562 838690
554587 882299
958710 982196
388555 690238
825297 990866
836335 900521
796588 801221
953241 985626
985205 999984
395640 893981
506718 758543
505722 653093
603792 979641
730929 946015
883239 883468
931716 944480
601029 642235
12225 606282
370583 911548
328493 494205
875005 953232
7749 220754
156597 588937
112869 699507
68995 377211
343019 729926
342806 454015
253689 392253
39557 326059
274684 997525
799446 942749
453516 924014
312449 642543
260820 509739
364334 950474
312472 438713
149552 789630
416792 929645
503157 753861
46929 845590
939934 999864
582856 677060
138285 184461
109756 153479
15920 419875
81765 707102
999681 999932
892879 976893
956013 974167
685451 913840
928296 939078
68510 815805
371316 655680
213886 727879
820386 967716
430224 498820
404802 513192
813012 821513
328425 390296
878585 994336
952758 966696
576883 889990
3468 914730
164314 818937
743902 995946
189263 664298
983593 986791
777107 989168
114085 738340
724611 931166
561288 753710
379583 504326
108416 407291
306021 686039
466977 911306
963112 977283
9767 501886
735740 936184
119812 385187
553595 870739
689256 914388
93376 385836
993171 995294
872913 898525
386890 499163
313158 363313
484455 938608
921352 990665
718378 918324
228190 913508
616681 826430
635435 982232
583212 628115
954057 956058
691389 865173
641688 677438
451203 985176
459635 662277
63792 485220
506826 877935
959570 966936
463538 777908
213220 615271
110277 283639
143433 895709
148643 381433
796855 859131
314199 859997
909328 988961
263867 665813
532133 614531
564067 885879
597189 833575
764136 788896
807964 945850
571049 740170
792988 849598
555087 941079
931310 986470
90432 890634
758281 820203
212560 471528
537430 576939
204358 434137
507108 961799
262172 910216
137904 819320
706221 939693
226842 958131
145173 899455
263284 926454
949998 971709
312289 991173
137849 814532
81168 591935
615803 871515
366811 908043
714784 822263
755547 760445
249213 812704
88020 953917
974864 985024
552009 999854
128845 992068
47209 436360
402218 663733
146729 490277
46360 174576
208904 323901
273105 400022
241938 657045
988948 998150
544719 649793
182569 475421
945050 983985
73094 461857
902469 993495
929476 968159
64729 366597
288766 394520
679654 839737
365772 694795
765137 782018
402032 977000
422283 455787
264355 722165
755261 937050
609754 757723
593133 772105
403591 798674
412602 579199
279043 689067
3009 491975
715508 916238
778769 896798
483445 574613
146669 603536
230072 715632
541822 838772
146578 202964
278935 659741
256616 322084
685619 950511
984547 988439
132728 988822
689605 854216
952600 989883
290576 420914
170703 200645
802033 980503
517467 657845
472908 957767
141884 852166
818593 990793
842583 984100
219134 530919
481086 669198
300594 487144
186187 699413
597660 745714
125832 764838
303658 558552
751420 982611
414280 834647
898539 941231
494445 881805
748457 855528
883978 891131
628168 864299
786950 850850
856416 940979
689352 804086
94915 732533
27349 361844
256481 689573
740589 856835
515596 772378
786517 804608
200630 218532
21570 680338
83910 880463
811103 938248
712366 761422
8082 842784
952980 988183
885010 944149
598338 710290
893586 937177
99496 565508
474209 724882
599798 907048
856929 990302
594905 926623
964126 986489
887388 984158
182868 622455
655041 798179
402334 644050
118426 141474
429491 572096
97530 681084
726138 873818
603758 886728
600054 743975
747159 805588
118096 614032
869545 915294
24759 546652
100346 340841
311089 529423
91635 312764
759695 868215
616403 798584
198781 203662
344396 967644
601441 782240
388364 808286
155114 683279
426334 736115
442414 884856
788857 857262
284014 462381
694541 708014
223926 361037
308876 825845
39649 852308
862763 933194
555953 746153
132222 663862
168583 478037
808671 918270
426417 810665
327414 896797
122068 147239
867165 893571
71036 775848
597274 984323
923107 936221
211203 531695
198382 842063
279463 309706
374563 777024
19952 616061
958853 978379
155470 736015
654729 722768
15093 437325
634649 648405
97143 455768
873445 876455
412914 956939
704223 844949
517962 663166
838167 895487
646947 902933
521634 655124
856174 861829
570400 666289
163824 428268
43305 120723
982704 987812
412746 870033
96247 899510
194799 222843
458845 682496
992826 996672
498563 751574
642496 946110
462656 634923
354947 510862
177566 420524
753981 800227
807484 941523
79155 832076
736604 836449
121610 416994
421211 965787
75341 840258
817637 983042
338521 621881
767028 919899
954779 995894
59578 828942
974885 979474
330317 448064
995184 996313
534524 992721
815352 895200
291283 847220
460831 998102
403069 812474
197338 883084
26563 741772
801407 884593
855042 986260
112978 952330
701324 853374
235131 295497
444162 528609
439137 480728
441703 442635
170188 976145
297501 949758
420936 466402
602676 683718
38790 396439
464186 962939
438992 440868
586218 871716
346359 944389
138238 802918
445780 511196
931983 955112
257641 640582
200274 566167
593994 899978
197202 778931
44652 360401
174284 741697
435117 794241
857385 882152
276032 357528
677970 794629
23651 525398
146172 436547
602456 918319
407157 671674
821964 859022
381504 746959
698072 712136
119183 590569
908842 980222
323251 998974
553191 972671
208271 209775
252107 838819
798417 935491
399252 971036
680278 972713
35976 209904
853818 917040
446896 727261
989689 993946
866643 982338
313571 683702
435001 838863
424510 443340
911632 995575
717141 907282
875781 970875
29596 470457
302792 601176
653177 925045
771107 969890
893191 893585
87671 566265
769474 975547
130068 914096
12590 85716
29145 930808
463783 467449
961119 989903
800443 942827
683800 695948
504279 594698
762480 826137
606752 985115
992076 994639
532147 716248
221665 984616
182142 943873
361085 605533
190630 646041
483801 539553
916502 926833
218800 586309
378294 452077
289266 735919
518542 637619
996637 998873
136776 527694
360443 915545
54836 675067
262108 457973
788858 929459
196554 508873
303500 897850
697273 883575
361871 509331
905778 965395
957435 979340
906088 938250
248389 526754
727430 810372
425948 801773
805364 890802
272798 874565
856248 994139
708661 813427
149552 333560
54672 592960
847239 853030
364166 858387
832022 882962
561739 715232
492470 925582
403147 609203
75325 398874
689689 861800
602340 891419
26548 296438
846896 987882
89650 140038
241465 247021
524812 849788
686581 930699
64502 976746
321861 660246
525236 744813
961127 977136
129744 934355
349072 485205
343328 566922
592187 855017
42890 974326
85085 731639
529285 733569
432520 961394
856869 867947
746061 894769
913378 969851
855134 902437
76248 768200
524962 796129
714275 978065
808185 981910
871465 997056
597659 842603
247277 843715
19480 584754
211042 784998
406178 713583
47150 112027
756692 848102
57414 633116
120217 924175
316396 371195
645281 750085
281852 757424
214175 621918
178572 204065
596712 903743
554955 927773
808040 888430
293044 847239
162622 227846
724972 973511
776394 790262
489338 636556
928520 936624
286657 306626
378868 610026
663801 669247
770788 783421
841309 873041
306364 968541
626344 661111
335375 572604
906630 946720
317063 489980
735741 947804
851331 957449
595867 673499
261861 386604
245822 835413
122613 493785
464169 468127
703609 716391
773636 827287
272161 303617
201656 230284
929371 995312
898183 901928
728461 773825
770195 942347
583004 597824
848205 994632
719928 748975
5764 597440
164183 280176
254287 745037
911850 950096
138345 823621
710635 849185
96412 622898
334440 537049
969314 976297
429990 558173
765538 944394
233226 433734
900868 990479
486862 524623
923300 996309
781584 959595
454397 833020
314507 590770
57062 881016
311740 404557
124420 186852
464126 929670
940106 944868
868920 973215
656954 756147
256656 628007
707919 951364
627858 650220
935282 938208
442729 955585
557066 579635
470792 554358
312901 845888
190059 450576
820444 913441
518975 996937
776331 900337
966392 979485
349116 726358
568202 714717
444226 516425
390138 531142
828114 977636
6529 179258
10763 50582
259137 462395
504079 787449
302774 346207
823459 939247
144897 917015
378516 885839
891462 902621
653550 683439
959768 985123
89742 244112
916378 939879
123214 453345
784596 873599
869959 893210
37027 668358
615920 887257
998542 999697
310297 958472
375392 573938
277128 424102
845186 922901
514087 514345
894932 902459
55816 763583
884955 895104
582794 977660
975861 985304
122910 178678
658056 675007
159895 167172
633159 946405
190830 560157
661128 687357
718771 950878
764678 890785
93747 812517
393068 403531
314558 638972
490043 501778
34245 148931
101352 194339
86847 484746
775364 799271
105638 391956
721401 760774
726829 969209
367906 840986
528419 695639
474915 918448
33672 84555
279655 441848
578319 831842
661721 870868
504671 884758
618930 678054
24221 266192
440249 442996
763532 848614
410859 818472
802245 987330
89165 328630
343982 489325
334769 428022
369826 976215
541590 971662
915775 990492
219484 694262
991081 995544
833613 877666
833380 987535
131994 823670
823407 973421
175889 795622
401010 746777
279072 565687
514066 892506
4891 243334
774322 854213
598331 694631
99144 367765
767915 770092
14797 285022
363379 874483
590036 654885
116441 909825
684763 725020
395676 790066
889881 896442
866893 880334
7796 688538
77595 629482
242628 325566
441755 961223
250412 958054
170246 372091
271409 736002
766687 798238
833892 891832
282380 718589
324546 351402
231589 677228
25439 662383
840860 868937
92886 473969
908768 978057
984161 989201
516252 662475
24060 939812
27527 264393
395248 474386
163402 577788
365450 589128
522639 672506
423277 845134
517101 737919
221689 573469
641420 861664
694048 873274
883887 964616
196366 268895
210807 477044
138796 213793
253436 759267
922992 977064
152597 821088
425433 968450
504107 776095
595293 967981
683109 774145
368584 780255
824883 837587
19861 282392
321697 529899
598437 738626
363400 635246
330380 725192
785102 871448
304067 507117
622613 979640
440463 599033
435239 606136
223279 285321
74688 730139
39561 90631
669897 928606
796490 896323
5067 278649
364496 788212
941521 999869
684069 770336
827552 852918
940804 985054
607751 987606
593682 897214
965471 997745
88652 888237
505089 956072
321279 709859
973568 987422
848542 962232
736101 923612
698477 952744
489393 531518
314455 988107
476523 597679
723170 908598
670902 966705
787634 973600
293674 674602
514536 950154
935623 961421
709574 719927
89247 951201
155042 550124
751929 821308
175672 358115
838054 974947
337958 929331
864018 962244
296630 933774
155659 361701
220162 543016
235477 782886
841407 973871
720360 994421
958295 987190
273239 487367
210666 568249
166266 224305
639802 648439
910866 914611
773256 794626
250430 280279
648080 767417
654660 959239
365084 991122
66017 270796
973624 983649
701001 951715
140439 571313
329802 451435
697068 944028
868923 946484
436278 745709
193155 938507
230139 303916
89607 854181
454656 621180
581957 815517
926891 965132
307592 336806
282643 598363
157088 363867
321449 393420
506241 507750
95840 406112
777592 806671
321324 927456
262943 636758
443454 980074
931005 962889
223877 575710
170866 453778
590322 834742
847781 851432
520042 892618
529117 743453
498591 963253
136724 842576
503729 570752
491568 545574
68721 602466
957354 977624
490755 590660
925278 977239
122660 860056
890342 993163
875403 882563
812326 902386
811621 911817
446973 818502
135475 220098
969949 975598
484717 632624
791666 872759
861425 876282
308111 413474
451333 651336
789370 873570
69030 476704
461777 506768
672355 870415
302106 433204
651793 773154
554656 813284
896589 932610
352739 797181
165893 673602
925463 928826
820089 985387
932532 942882
447958 664746
5337 323029
140142 563881
557536 635498
893217 915316
600102 798900
994376 999404
60743 914368
532651 846442
347911 964376
214437 329604
656507 954432
365831 717837
497000 574163
365035 380759
660892 677763
971056 978679
683005 856471
662922 964016
143233 846411
5981 797161
374032 413538
232689 542566
