144 890
445 684
559 353
794 136
979 874
556 812
882 861
901 718
411 311
491 251
97 270
956 254
515 292
145 377
595 415
978 939
723 764
819 935
281 64
204 137
960 651
46 945
346 667
757 425
302 279
199 289
382 500
276 256
240 221
647 146
385 998
856 147
637 815
873 478
991 370
617 922
52 653
884 25
69 22
892 898
832 553
774 320
435 378
138 14
461 960
29 245
62 969
38 252
740 520
204 998
919 974
765 402
248 280
401 208
696 649
873 754
923 751
690 836
673 332
922 230
969 547
640 403
230 955
640 312
258 250
420 113
925 686
6 651
869 125
994 926
645 893
477 757
803 858
259 160
505 858
429 773
169 57
669 377
607 986
992 196
635 720
42 324
205 949
577 789
435 54
554 194
948 573
675 735
179 979
27 609
270 861
24 543
650 426
417 942
902 478
662 330
561 696
618 685
787 786
511 836
677 142
21 821
491 982
797 63
460 521
399 875
933 743
375 205
566 738
263 284
420 972
359 744
904 115
352 442
618 111
502 793
286 129
161 785
25 368
207 46
318 634
200 56
832 528
97 113
902 163
34 201
504 522
373 976
702 370
458 332
772 455
813 989
421 500
423 98
467 185
555 359
65 778
694 482
762 318
679 450
888 722
848 257
106 997
710 520
322 682
913 564
843 135
205 139
762 662
724 628
285 425
428 224
443 444
372 475
954 529
188 386
304 340
513 832
373 42
951 609
46 197
854 911
166 797
697 186
28 292
327 88
51 181
907 201
446 799
78 858
472 124
578 502
639 756
414 143
465 182
930 698
880 447
603 898
583 775
868 806
219 50
290 70
199 15
340 71
685 965
248 679
580 691
811 794
31 244
849 895
524 422
669 115
736 743
352 713
981 900
506 781
35 143
153 730
592 361
655 78
605 404
622 4
820 220
115 223
585 595
410 891
607 300
95 69
315 369
648 847
316 127
163 467
918 908
941 49
847 1
759 964
642 116
377 432
575 85
222 38
415 252
31 640
857 307
598 958
695 702
403 418
131 644
642 909
481 320
460 477
983 643
924 586
219 604
223 790
135 786
530 233
166 67
228 164
860 462
879 639
640 474
593 691
517 725
221 478
815 939
372 432
918 824
870 884
714 769
581 582
837 301
878 269
46 841
459 526
69 330
182 370
843 428
356 288
747 899
176 66
685 80
73 574
358 357
795 887
250 332
174 809
112 683
38 421
84 902
488 48
532 532
881 20
346 342
716 691
694 572
899 667
488 729
613 741
968 786
924 901
595 250
820 355
741 539
718 995
732 689
311 531
188 116
881 37
185 131
925 218
893 855
671 129
352 640
354 154
383 229
469 916
433 195
581 541
228 997
107 174
744 830
420 774
796 528
913 809
751 575
642 561
976 848
407 106
796 49
26 662
730 29
339 416
754 245
771 842
113 820
488 641
735 488
751 190
685 171
524 444
802 153
857 524
867 268
447 40
246 657
77 913
225 1
36 578
18 926
992 750
802 170
956 908
736 146
96 76
954 775
449 570
504 549
773 163
815 709
844 580
901 589
735 78
832 88
727 69
28 891
286 963
839 384
873 417
46 138
88 298
767 537
118 398
779 683
256 823
804 184
129 800
298 812
960 288
46 428
965 842
559 704
763 381
896 683
957 537
70 481
10 230
398 422
29 422
965 837
85 642
312 541
202 742
146 407
183 461
672 584
340 252
43 943
886 455
264 814
729 873
496 676
709 852
958 747
433 331
529 553
218 230
266 319
397 998
997 362
665 377
226 458
861 579
523 726
737 115
493 728
673 28
54 440
333 163
628 687
275 249
862 938
842 813
708 49
492 37
460 501
739 394
736 338
433 640
144 302
785 587
458 73
564 187
973 958
693 571
531 814
486 220
9 719
556 554
605 97
143 622
354 58
763 854
544 683
959 936
165 810
325 737
379 449
463 160
281 298
48 395
842 585
778 380
445 782
269 512
977 73
250 276
28 962
452 510
967 361
791 731
968 539
582 731
71 163
500 676
58 151
788 835
696 418
608 863
296 675
663 466
311 813
588 562
529 363
536 699
392 466
118 49
689 1
419 388
378 662
827 776
905 30
900 988
745 701
634 575
923 112
667 421
428 510
559 966
458 566
652 749
70 40
559 271
267 773
149 940
861 412
237 295
400 260
955 763
502 270
912 53
47 784
584 875
585 787
28 93
98 39
756 628
211 482
899 763
496 64
415 294
626 388
121 350
180 823
338 59
363 124
365 273
68 594
993 699
577 580
50 573
40 370
292 156
692 323
928 216
647 246
544 603
23 434
303 320
583 802
265 746
553 321
677 954
150 616
708 111
45 692
109 36
408 940
602 715
18 193
745 152
285 976
95 809
738 237
728 532
105 886
426 474
433 145
297 965
243 109
44 827
496 652
347 600
764 317
114 252
799 841
715 89
80 133
697 816
327 265
572 569
734 510
852 824
412 674
832 800
347 823
55 320
66 746
565 131
15 120
926 455
774 243
399 106
697 433
339 669
637 397
405 102
903 362
198 528
854 53
401 681
541 387
453 823
380 242
807 16
588 638
256 836
349 393
328 837
268 806
129 235
606 459
914 73
537 16
597 652
234 385
193 966
909 72
219 893
333 802
358 74
84 584
757 623
320 858
450 472
335 75
348 432
242 793
254 733
743 108
205 760
297 766
376 435
729 936
465 917
97 195
422 865
17 848
327 206
616 490
499 684
972 456
440 227
775 854
700 920
329 611
425 407
38 405
578 661
170 284
196 723
794 373
519 508
950 936
638 918
978 344
904 494
136 331
613 577
901 771
963 308
803 760
822 333
144 98
953 64
385 816
93 691
138 96
839 483
373 589
729 576
897 661
945 277
368 886
161 726
875 713
884 10
372 64
590 857
491 457
576 625
395 368
662 224
570 360
22 311
418 5
405 306
856 391
894 130
858 872
769 680
676 922
725 64
6 104
501 611
231 27
892 848
762 359
253 852
842 128
677 23
692 49
725 439
213 966
213 542
80 840
461 276
136 987
804 204
785 739
922 384
65 135
843 122
505 285
654 435
610 182
401 11
970 842
785 70
242 180
759 843
810 170
448 562
137 75
236 367
635 377
426 645
365 744
329 562
715 917
576 838
491 709
480 65
101 875
976 864
724 598
39 95
146 697
582 324
294 9
404 909
671 72
552 140
255 282
75 346
123 890
340 646
125 256
665 309
265 43
797 698
281 540
775 225
633 543
964 744
33 304
378 609
374 617
843 63
847 928
589 973
736 987
448 187
630 576
400 688
178 384
415 620
680 494
462 333
552 400
695 734
29 922
224 71
253 283
254 966
656 553
854 464
401 208
326 598
502 429
333 775
823 132
840 890
352 640
385 971
712 859
600 724
242 928
370 735
558 187
310 46
998 252
534 633
584 673
218 372
523 993
270 793
357 553
398 924
582 132
491 922
12 492
18 427
789 725
972 163
295 903
365 159
74 495
925 179
562 671
777 87
817 191
109 107
26 397
103 804
246 434
700 333
699 816
384 651
647 541
254 883
632 968
325 891
768 805
853 522
278 161
192 482
271 800
837 434
732 970
680 576
219 284
86 838
761 59
18 704
398 627
900 12
966 914
366 538
487 74
599 785
352 6
774 948
765 980
68 574
452 679
418 931
444 487
52 84
997 281
468 678
869 501
4 804
964 822
683 914
336 860
341 495
661 527
184 406
743 84
889 631
75 13
719 254
558 952
986 381
306 674
773 145
805 995
22 720
228 795
16 120
346 724
254 862
596 362
221 250
3 871
417 475
464 562
250 956
21 357
945 387
91 382
293 839
835 90
343 93
329 549
24 558
53 106
146 494
200 107
59 160
126 381
180 426
65 578
939 205
336 814
683 824
779 94
895 997
550 151
706 844
690 395
528 38
701 549
378 194
611 674
199 992
911 346
401 3
660 975
244 904
840 395
440 955
56 573
214 714
496 216
191 425
945 947
644 541
389 435
685 248
921 447
670 187
397 256
96 378
159 552
734 415
57 167
505 681
688 328
254 861
228 694
328 642
316 949
510 124
380 427
722 607
519 583
546 265
976 570
53 5
962 229
860 412
789 528
412 971
899 631
164 742
470 979
236 814
341 436
19 43
181 752
510 705
597 706
942 633
33 44
874 554
126 671
804 310
987 45
328 666
370 922
805 218
317 92
287 66
770 816
86 819
586 724
427 633
732 496
621 369
607 742
77 959
748 12
880 302
109 717
194 785
304 443
552 145
628 825
407 235
561 116
376 498
33 124
12 112
561 505
288 977
948 861
886 386
894 433
5 499
899 449
648 810
182 654
997 990
785 757
832 606
377 979
234 234
582 287
574 964
464 873
368 156
876 459
952 787
930 392
973 971
7 546
177 120
558 710
103 83
704 168
682 411
673 288
788 838
631 499
892 26
611 930
187 29
75 445
95 512
463 186
425 196
567 141
615 966
30 208
137 118
357 632
740 830
261 761
735 789
628 187
833 680
292 817
810 294
96 293
529 333
4 920
250 929
394 532
878 313
