7947 228
3407 4736
61 3326
1157 6342
6788 8622
9439 300
7631 8062
5728 8031
3587 3099
9969 2534
6897 2200
583 3094
9024 4851
6940 1301
8258 6528
1344 5772
6569 4191
766 4282
3211 6312
8363 4885
7581 7510
9801 3824
8982 3549
4754 4184
3535 8092
6010 7293
4968 823
9014 130
8630 6642
7212 7567
6657 7936
1187 1509
1830 5442
7249 6953
9619 3322
7539 4613
5057 4641
9458 7981
3296 9349
7441 2262
6984 5452
9282 4878
9927 4656
2199 9558
9814 5212
8899 7986
1343 4410
3324 7599
2393 4151
5765 2143
3766 1980
5898 518
5493 1057
2181 7673
3659 6692
207 4628
415 5680
5247 1147
131 2312
2627 6177
992 7789
6963 4416
3514 6274
3958 4882
7776 7223
4289 657
6518 5923
3102 5650
3192 5550
5102 9403
3410 3234
4628 5747
3322 771
2587 1838
5506 5423
4685 5490
5264 5529
8088 2456
3932 6120
238 3074
7847 1782
8963 9665
679 4861
9270 9925
4116 7490
2859 9728
4200 6561
595 8944
1165 8845
281 3516
8351 7145
736 8814
180 1056
5604 3599
2894 2560
1530 3624
7974 2963
1003 7215
1677 2343
8617 8578
1771 7823
1038 2626
3533 5028
8986 4249
3767 7419
7804 7653
207 8180
3590 8753
546 1907
5351 7985
6971 4219
2521 8363
2033 8790
140 9354
8954 1021
9135 9517
1604 7148
5989 5938
2273 2019
3887 2460
3503 5786
3800 3787
8398 8762
453 3242
5374 1967
8660 4018
7518 4917
5517 2405
5337 6055
1550 1424
10 7281
7017 5235
4872 9294
4599 7228
5852 7072
8590 5526
5675 9062
6066 2836
4110 4731
2932 6845
659 5873
6986 6571
3691 6742
9423 3384
5681 1840
8354 5521
638 2669
8150 8310
1780 9940
9495 4475
1700 9265
5473 9647
6661 9303
9705 5057
46 6402
8136 6069
8674 4095
3572 788
27 6873
101 1931
9697 7757
9539 9731
5279 9012
2357 6159
3822 9542
8254 3372
5010 1427
1906 5934
5831 747
1226 4104
5992 1928
1315 1218
76 4450
2836 5633
2582 1436
1289 8428
2544 1232
4911 2874
8920 9280
7848 9627
52 6933
1004 571
4064 320
1541 3222
8064 734
1001 5231
221 3064
9218 487
4344 5612
5407 8833
2962 1992
9407 9950
3573 5875
6668 9922
3847 4160
6075 7287
6660 1659
8350 62
2958 10
2552 6774
8099 5348
1609 3586
2531 590
9825 3481
8237 6889
6237 8564
3897 8954
3498 996
1344 3072
4809 526
3307 7762
1409 103
1394 2343
1928 1062
7800 8776
639 2209
4370 8663
7052 8165
9138 8181
3077 6181
8206 3654
5669 9052
4801 5966
6398 664
1878 7099
4926 2996
5006 6525
1794 497
6672 6407
2210 4327
2676 3212
5090 1902
8214 9334
1284 6890
833 4949
9929 4806
2838 8296
9281 646
97 5144
6579 8300
2632 2920
6421 8690
8429 8621
5382 8865
3744 342
2825 1559
9786 9821
1441 5568
6896 2925
571 2873
760 6688
6518 597
2236 8274
1876 8318
3157 2274
7587 8766
5345 1784
8850 4897
5832 9638
1741 8623
6488 5538
3628 248
1611 317
6440 7542
2047 8387
515 3745
8129 6003
1757 1234
5338 6288
7030 8828
3666 1683
710 6295
9181 3142
3299 8260
6853 4451
183 5317
5274 8559
4902 4893
1500 9500
2948 3324
923 7183
9164 4637
8144 1910
6317 926
5469 2077
3840 6792
8355 3790
1806 1771
5510 8954
3773 1116
2168 1015
3082 7772
1829 8906
4464 2589
4807 5223
467 5237
3693 7490
4281 3168
8962 2042
9433 3821
9400 4337
3115 2979
8662 7204
3202 7519
9647 5754
7033 9207
7683 5308
6832 1045
3647 1847
4265 7074
9168 6198
9683 2516
7316 2060
2536 2215
5935 1750
9149 2715
5298 5409
3209 6890
5746 4719
9213 4922
315 4592
6540 1247
9208 8209
7764 7625
4561 9900
3849 4581
9253 1741
6197 3674
4388 9446
2101 8687
4595 5575
2907 74
46 2832
6719 8499
2882 6535
227 282
8892 6643
9129 2741
4777 8319
5963 6388
617 6181
4081 7352
4184 9539
250 6538
8531 6425
6426 5199
7043 9899
2118 9285
9327 9093
7405 3832
4170 359
5319 2860
7762 3729
5560 1772
8910 2129
4181 3595
5360 1758
7005 1977
6934 4911
9193 9484
3671 4077
8075 5519
4748 3932
9338 5135
8554 2155
3522 6363
2678 4233
2746 2645
8345 1803
1412 9871
7406 9402
4612 7244
6870 6043
6600 5750
841 6129
6747 8445
2965 6616
4313 3023
5224 3130
8225 3694
3121 8582
606 2878
150 5236
9739 9459
5801 231
2539 629
5222 8586
4729 120
9423 7464
6538 9450
5766 1046
3005 4720
836 5456
2764 4427
1768 6391
1397 3430
1681 3074
3065 8693
5022 7096
4387 5192
4564 8976
4504 5072
5365 1773
155 6508
8165 1893
2418 7445
7770 5396
4731 8121
307 5876
5151 9655
7970 915
3221 3839
8239 5153
7739 7274
4736 7936
3769 9353
4797 8260
4087 3847
1592 3524
2752 693
3177 9751
9265 3594
3656 3722
8286 9560
3648 7096
8884 9700
6691 6967
4889 4402
6785 7416
9171 3792
6118 3945
7030 9839
6037 5583
9668 8168
2695 1881
4458 5320
5352 5561
1615 2575
9820 7387
2385 6861
9798 4965
8268 1062
2510 2011
8822 252
9446 1800
1518 5516
2661 273
482 3891
5872 4701
3562 3245
3663 3080
1867 3784
539 5113
1721 5283
8689 8082
4508 6432
7170 531
7984 9618
1223 4296
3498 446
614 8025
1676 6354
1963 3493
4202 5260
3210 6635
5623 5572
6095 5457
8843 9264
850 9810
9427 321
5628 5902
2116 1842
7146 1656
2906 2034
7014 8198
3364 2779
3677 718
3153 2337
3343 9163
4155 2939
7795 3181
7155 925
3046 6099
5025 9365
3287 3425
6291 1597
3590 7838
1847 4963
6981 8462
3141 9085
1064 2482
3311 6464
614 80
2194 7730
885 7910
500 8589
8170 6877
6953 2698
5655 1151
6773 6134
4995 2281
863 5086
3101 8934
4644 2631
9383 3913
4289 1430
8150 5778
6756 2740
8883 1250
7822 5786
4014 8059
9995 4976
94 2323
2008 3271
6873 3339
3334 2490
5866 8427
9580 8186
5618 1231
9270 1661
750 9389
587 5755
1354 8311
8446 7221
7960 5990
7062 5093
4583 3548
9102 6118
7937 4625
4915 8795
4307 7811
1672 2876
6945 1546
9206 595
8097 9029
4215 3300
6920 6640
6198 6389
7926 3626
2708 3041
4994 3878
4564 5768
5423 4051
8164 1909
6015 6427
2584 3965
8730 878
6565 9
5646 5231
7249 594
3816 3493
371 1067
321 2770
9545 6929
5598 1724
6616 1929
1518 6661
8848 7769
613 6529
1960 787
3053 478
2818 5725
6221 6581
6953 8606
3598 8932
4036 4558
3512 1279
8690 9713
1200 5121
5663 6179
8250 1974
931 65
8621 1948
9273 9196
1116 9896
743 2350
8687 7445
4852 657
5246 3880
6832 606
455 4342
3347 1085
1791 2936
2105 5390
9042 7158
6232 682
506 6323
380 3319
6206 5002
7207 4000
2479 6306
6068 6143
4850 2532
1700 860
8716 2266
9216 789
2000 3708
8763 3433
2327 3959
2920 4094
8356 6782
7032 5281
8166 284
5549 2577
3611 9355
5835 6526
1477 9082
404 5768
978 7839
7994 6764
7481 3265
7491 780
5314 9269
6556 3810
6436 9042
852 1916
3463 8598
1586 9573
1161 6249
3678 5817
4170 3038
1618 1832
6940 7380
5313 3313
5009 2335
4876 6748
7113 7203
3467 3888
8215 5095
1592 4331
7793 8218
1 1476
6067 6158
4560 2556
6414 9433
6584 5312
816 7472
1347 2800
9868 5604
1083 3095
6898 5186
7593 671
169 1520
5753 5282
3507 7401
6461 3108
6845 4419
9822 725
8202 2387
1400 5533
8593 3067
1197 2194
5016 8129
6430 2620
7621 574
5963 7362
9719 5578
829 7708
4912 1799
3859 4924
6262 8998
6160 4846
6098 261
3901 5681
9746 256
4287 7959
2326 7500
9270 738
4249 2438
4613 6891
3529 4113
9738 3350
6633 7575
3012 8099
2166 2034
8222 7438
617 9127
7147 826
5218 2218
8801 1746
6649 7267
5816 8062
4551 2910
5057 7991
5351 7173
6973 2402
318 3873
6458 9783
5829 2986
3270 5897
7155 6566
5929 9421
1121 1139
3723 7527
8269 2813
5122 7564
4123 2065
458 9140
6475 966
5298 9535
2110 3096
9965 4909
8691 6706
2012 316
5042 6451
7624 1742
2594 906
4509 914
5446 2358
7464 6694
9217 6437
8908 2605
2784 4887
1444 8154
2204 9010
2718 4973
8034 7065
9400 1684
4123 9531
1832 3985
3871 4243
8703 8014
4814 4351
6098 927
3188 904
1496 3169
5332 5503
6599 5222
6833 1107
6307 7923
5679 5650
3807 845
5272 7764
9570 6186
752 7439
4111 3411
7642 7231
8590 7976
4468 4787
8787 5299
1506 7958
9220 1287
1059 8418
1552 5321
3205 8944
9025 4872
7052 9931
4881 1750
9762 9374
1628 9411
5487 6191
5038 9329
4738 1592
9880 4529
533 3073
2289 4595
5489 2248
8457 6962
6875 7608
4141 1601
849 6171
6558 9200
1453 9975
5437 3292
1604 3577
328 667
9461 5625
3597 9852
873 42
1756 7130
225 4694
603 2781
7034 4899
6860 1962
7233 4181
4554 1486
2242 9089
1698 2263
8980 1302
4626 8368
4062 1405
6170 8216
6391 2484
2069 4260
1089 3512
2754 9143
5285 8631
2531 3086
7226 8348
2265 7272
1616 1170
4029 1052
8832 1960
9206 9978
3586 4114
497 3509
9130 3543
7035 5317
4636 9573
4976 4812
1853 9360
3454 3704
7958 5303
1461 4015
9295 2659
3680 39
6016 8822
6536 4467
8010 9811
1846 5420
7862 7363
9499 2708
4146 1396
7624 6709
2560 4050
1918 8503
4129 3660
9209 8284
8000 8230
6875 955
1625 4640
4644 2085
7682 460
633 3015
9928 5804
8513 6677
1399 845
8659 4047
9625 8795
9157 964
1909 4510
8121 238
6332 1031
1290 6057
9605 4963
7425 3584
9292 2553
618 1486
1283 6367
9081 8732
2646 2996
7765 2579
6645 9604
870 5380
5047 6658
7289 2882
2036 5593
4668 2579
2339 6240
4535 690
6890 4544
7515 6119
882 8789
5940 8089
6264 1268
3627 7221
840 4196
2090 98
1163 6685
6024 8176
8917 7805
7434 4683
5636 3896
5709 8375
5249 134
1052 9446
6562 5564
4871 4725
6240 6913
9137 9113
1989 821
4903 7352
9769 8620
8460 6592
1003 411
6961 5299
6760 3501
3078 815
9103 6769
2734 7926
3897 9494
7483 5003
9250 1253
4818 3410
9664 3604
8528 5653
4955 1600
2342 1348
2058 6692
8873 7234
8669 1800
4317 8835
1287 2978
6867 5517
9550 1022
9416 2324
9942 8469
4938 5005
7908 2678
3328 9664
9847 1937
4309 5034
2061 1591
2708 741
5768 9897
3953 5602
5 50
5661 1177
5215 7767
3563 5525
5993 8091
8919 41
4533 4794
3751 6147
8232 9888
2646 9497
8971 9802
3015 1552
335 6590
1942 7198
6818 9977
8356 5937
8865 7496
1652 1547
2386 9605
4222 3577
3186 3635
3674 2605
7059 5689
2760 9252
3647 8152
2389 4162
2488 7882
5459 9379
7370 9401
3927 7155
5496 2427
9544 8135
2299 6452
1338 7904
1749 9438
3767 3970
159 5569
9295 8581
9191 3199
4758 1446
3008 6411
2894 7376
6611 5
6850 5610
6557 9338
8898 1285
1232 9629
9995 9569
9215 4985
2696 7909
2312 8153
670 960
4922 588
1253 3231
6984 1064
8282 7284
2377 1003
8290 5276
6450 2659
1138 5147
5666 3095
1075 5971
6990 4734
6261 5764
9814 8908
7946 9209
5821 9630
5915 6378
9777 2501
1989 3997
8488 1454
6200 3654
2988 2215
9413 2048
5026 8930
607 3215
9425 7058
6385 2508
8054 6062
10 5112
8839 5956
486 4215
9736 483
7312 9991
5477 7459
7459 943
7028 7814
5572 1197
6196 4665
716 5065
4075 2733
3950 5390
5110 2365
6575 6290
