1 10
100 200
201 210
900 1000
10 1
10 10
5 6
2 2
79873 6506
63930 77948
63686 38385
81098 3501
64380 45166
77328 72524
43435 8721
18724 73852
77313 8775
29149 6114
30962 16593
97181 21900
91849 66992
87034 16622
19178 64027
46762 49223
38342 38515
51242 60578
10393 62190
99883 32792
99715 60527
5370 85651
75937 74551
97034 48014
68391 64437
1631 66872
42621 22873
24602 52247
58739 73286
67452 65129
77986 54437
59225 50213
71073 66486
47227 72992
78272 16514
38672 76300
36101 41068
8721 36603
97857 10277
93903 1377
68845 2015
3676 31671
73894 9497
74804 41116
73122 11098
43430 62422
86863 88985
12578 93206
79271 57944
62273 44570
6993 80752
73772 27083
82166 9640
16586 89415
21374 89727
32649 3129
29640 79913
22120 57956
86627 80215
80158 49055
27787 74894
12395 60026
69763 23738
64794 8286
21515 92
75311 63443
85534 19230
34803 99931
35691 85255
84536 87227
57486 6281
88331 55194
29547 80120
34902 84226
46662 65461
84174 64324
78561 10953
49504 27352
64243 73709
55443 97026
30082 32678
20410 9519
48253 66926
55673 638
216 10061
48272 30748
32868 2663
58089 66888
96426 59854
7290 64854
85700 34008
44536 79055
56409 93420
44888 77045
38035 64278
23971 77348
49055 19290
46005 24659
47104 35205
37778 64634
22735 13727
74470 85934
89108 48636
33559 38152
8634 27025
42346 29316
55506 71620
97262 62276
55174 98013
30921 19380
79031 3321
15421 24233
76310 47965
21302 195
50652 66151
79826 81618
37703 58943
21614 4212
20593 8429
70025 27772
2030 99557
67704 80622
85474 68541
80422 69735
80188 71135
33764 20250
78483 46681
88404 17269
25404 17394
78830 50658
15461 88663
17998 75081
1297 77172
96027 37331
13008 57950
41300 97481
18746 39468
45784 83579
45129 73990
2610 14108
21584 33110
45760 73739
83835 51644
61471 16749
76868 1501
87828 21205
55343 57755
34617 49605
64707 50911
99650 1230
38726 57139
89451 73748
30739 17996
69376 57645
95515 94085
65320 55656
43189 58599
74927 9098
95715 72804
27119 46611
14819 37987
80122 1375
81102 77365
24327 76681
1201 67974
91254 47114
49029 23055
29441 52735
39693 24648
47938 47048
29163 22172
70331 87853
8704 56533
29766 79611
1855 76757
22457 5932
16492 40518
92373 52421
3542 59210
97964 64665
61517 56876
72108 1674
27010 23511
14028 4719
31579 40005
11986 91729
78831 96239
11807 57936
88868 65604
48472 71395
22466 21205
210 21853
67347 51245
7992 40970
43450 12317
43932 1848
77390 79765
68728 81811
51761 22383
53568 41801
76753 34214
24550 75532
71418 5092
67880 18902
9685 76312
63450 41254
41602 65446
40012 78216
7085 38969
17305 55443
84720 3188
9035 32716
29861 86342
91021 72840
6886 12763
45135 48591
1059 98415
78000 11708
77695 5245
97067 65473
47048 37750
77536 92711
48081 96238
58173 38483
84877 81040
93737 10564
52682 30289
36814 56376
31144 92610
85632 54158
309 32607
42094 25255
86118 83620
65252 20134
92756 53887
81338 65046
62416 60129
24573 46507
33476 35982
26904 77056
98344 61973
86367 16383
2878 1881
27223 76416
89515 89805
15621 19209
62994 21054
31090 64595
89678 39818
18104 7245
63211 68910
59563 9082
15714 81917
25350 67509
95887 64397
73777 2997
21617 37548
99565 39179
35038 44528
70172 89288
85856 8971
68048 8316
24368 6301
67726 88665
76909 78883
38173 74166
10521 19470
56657 10415
23057 15
62479 53386
19015 91694
8893 77684
20925 15641
99688 57674
82911 98585
63920 40468
65950 99361
89780 72299
48421 66848
85077 35771
10138 86774
93098 25668
2962 47394
52160 84538
40753 99130
97804 41325
7966 10644
14030 73923
73727 37121
14531 27488
78357 46266
94759 86440
15478 29778
16613 61531
1219 24299
26302 39711
11142 45060
90865 56380
36299 17232
30060 27744
92247 27842
94288 16771
80233 65572
75866 79940
22539 4295
6995 24562
46004 22901
16022 38920
28766 20098
77785 16848
8032 60481
21146 95880
51079 34451
1159 74305
17814 11610
98858 64772
72278 4683
47727 52783
33531 18466
83060 59293
72566 11311
55980 98692
66512 80911
88367 35032
96714 97622
50402 65773
9166 31527
15486 68665
12977 11174
38496 81464
40807 60900
27468 75081
44931 89146
37407 84118
68810 15666
16464 8497
85651 38462
17153 87801
90525 51435
21288 53244
53869 79824
83604 71542
74594 8161
46655 98296
45367 3713
26959 93732
93268 12532
36904 19445
86193 946
70226 15707
20937 17079
35906 17731
50742 99383
87175 91382
53935 25967
55764 57144
28347 16535
7237 56624
48112 78355
88143 20040
61453 13225
90249 1450
93488 69196
53073 16234
32981 84087
45660 62083
11851 93270
76446 31161
54452 66622
64146 55614
92890 37533
68262 68624
36425 62284
44839 24319
84876 41601
7396 50156
40103 65120
94401 67341
8910 70482
84539 16142
47745 55662
30547 23089
80582 68723
94040 61270
75297 17400
46101 68598
94705 74458
64949 32424
41610 69717
43854 74982
83882 34734
74737 96778
57914 69997
95692 18034
85572 72328
63290 75652
5900 13913
18217 72298
82892 82034
51493 66334
28975 75975
58437 67265
46634 97450
44402 64804
62162 15061
93808 36682
99358 31135
19978 23077
74042 64657
41214 36413
42532 20850
90338 47183
27751 223
1234 18194
86034 75926
19224 83797
4629 25265
53974 85220
73367 71025
37970 73449
77686 95600
94399 39534
45212 22424
42052 53601
44218 29778
62059 49457
27844 9526
13512 33397
71624 225
93891 41580
31244 6085
20101 94079
66596 47770
41947 14146
70509 98258
51338 45145
45801 8266
60623 4471
11095 55293
60657 96418
89422 89555
13510 67859
41398 61558
91838 25465
4195 17093
50064 40348
27823 59681
87200 5695
49042 19396
2217 89792
43136 53522
63596 90233
56256 16584
46997 26632
58949 52721
59303 44908
10091 86104
27972 84646
82831 62903
92122 89151
77291 4078
50957 66824
45773 78255
80093 70811
50674 67189
34068 91521
23972 18549
80366 18350
42286 49677
41509 38598
74552 23034
37657 75235
18500 86789
47608 94766
84547 38717
41295 67562
54868 12608
17133 56113
23674 41234
68784 7638
34905 94416
53743 15498
14893 65535
28067 7418
13064 38686
25843 19189
72518 35098
65978 59947
71405 49951
53367 57328
86150 78572
90833 31712
42675 87071
94213 30685
26060 976
5102 49492
33882 20506
77519 94142
89807 45459
18592 2050
45280 36189
76402 82104
70753 34197
5473 26312
2619 54377
6421 9616
28588 5095
38837 98692
35387 60688
44617 45008
14134 13035
63625 69881
39722 41174
86216 74754
37214 21559
36887 54251
92045 5744
44183 10131
14590 5809
26943 45246
19361 90952
35045 92945
71465 9619
96877 12122
33728 57814
29324 73709
37068 3496
88311 52489
99612 30440
75245 77114
31438 26253
98941 46359
21985 27130
28278 50955
94289 61808
29961 19697
69620 99806
54045 12056
79120 29364
49103 26694
11767 86645
79331 56153
63681 27755
88523 31528
81764 84852
37043 24713
27186 44986
3751 21708
73776 73600
93634 76772
57486 94712
43988 97957
38695 67761
7598 40936
50007 77166
5165 69452
37844 71058
24417 35479
22122 2839
9945 49947
61591 25951
61741 75091
50080 74465
66376 62924
88046 70245
82448 91041
96777 36107
93522 41150
63919 40452
83023 27590
94704 94500
27165 88816
96617 52720
27963 19468
47228 78354
36662 35172
29672 8459
53873 87325
41322 91464
97812 28893
76720 89773
88051 93382
86966 13933
18169 46464
65983 60156
13362 28885
26417 89756
3250 47638
79213 85171
93541 68571
66697 66494
20948 58120
1708 88606
81777 90507
230 12369
16895 6657
33257 49532
85952 79032
95560 85028
51068 8207
96555 20188
30763 46234
65516 85336
93344 85762
58129 30880
99571 9545
62246 77984
56809 78923
84854 81820
97761 22080
31846 12353
90781 5630
29390 25815
96555 29147
24693 80978
70480 69200
616 8520
47056 71225
38326 80829
23420 79448
1323 68505
16440 21530
85927 80603
1351 8625
95099 96904
19894 1761
23231 2588
91107 30262
70994 87648
88680 86610
9935 94652
44327 24453
17097 18916
48627 1269
93731 10542
99064 84765
14447 15716
4521 49617
87904 49173
38020 88415
65613 59590
2788 38833
43077 52613
11427 15151
25994 15166
29226 69858
87020 65574
29654 17075
53987 87765
2153 97906
12135 49809
36778 94195
75087 98693
29241 60050
79269 38128
71315 72247
71555 12570
37311 11509
69996 16033
36819 5900
40329 68274
40934 23150
78974 5972
83282 2815
40104 27358
9221 98773
30358 81064
79973 95455
15297 88126
87869 84546
22666 45553
14313 57822
13134 3016
21050 12368
25896 72437
36390 47697
9603 27330
91823 74043
83866 23785
9134 39531
67695 54051
4508 37633
28068 43288
81757 59877
6809 61781
4297 10021
10786 65212
89432 70009
98788 1301
26890 96679
25453 70754
11728 23425
11757 29393
58138 25420
70388 2698
67710 28956
91562 96520
51905 19964
46501 41221
43494 65705
47370 2733
35537 90142
3491 48277
23894 80042
19321 36132
5858 51517
41358 37903
84613 15842
53274 63907
49787 20134
2977 50203
38582 83383
39149 78770
51498 72007
1420 54290
14484 16
35304 24171
48104 2289
38335 34815
89237 55159
71200 44538
40919 80343
24033 41695
87833 19287
49375 94781
62117 74796
76658 31616
61386 60990
58924 88900
30025 61736
28367 21669
65660 64732
74120 27985
35042 40803
81484 96863
72011 31426
23661 74745
33149 8376
51577 66197
49985 57220
32207 41890
57485 20771
32382 72125
31727 93399
97948 35202
54770 60579
38496 77984
11824 10322
18173 91813
22965 24824
68380 16665
19339 98769
49429 67431
38855 90853
83241 8662
45008 32941
58430 58166
3975 28783
96536 97621
88151 65508
81265 20721
32827 11643
24949 46920
53190 71703
64732 89867
70675 26067
3044 60145
99305 9190
15595 75400
91914 71009
30566 58086
88537 38966
48577 13277
62150 9906
70132 76269
92408 85675
89662 41620
19318 69525
94272 3712
32753 17357
36152 40325
70385 25657
28888 18250
70810 97191
7299 92446
5978 75537
42724 7912
49938 12162
71083 7484
78015 96403
56645 78729
80645 26414
22903 53071
90871 97556
50262 28238
31205 33370
59398 72057
76994 25485
92748 43530
68240 90678
24146 22543
98379 96249
47896 19554
41967 67671
61873 24790
25894 35412
23169 93837
91538 6387
26736 73414
46291 38525
68267 26996
61334 20672
52024 16010
39963 72276
13140 91059
10081 83129
80492 92798
42960 68956
39668 87350
93410 9400
19430 83567
71983 78841
18458 77404
18195 73725
5374 25022
88830 39059
72851 12983
98073 43557
56453 17821
61360 68881
41732 99882
24224 79890
43875 19311
60957 46111
86765 1513
66656 86601
88255 61068
55117 35176
73349 70939
14973 97935
97749 13434
2956 67611
54978 85275
42624 75051
60574 56852
56500 98281
45392 13394
80865 40327
22605 20583
75400 79237
6038 99934
92830 12559
14030 78927
55508 84770
90775 42798
1026 32335
90184 6718
12720 2456
59852 86627
87649 9912
70425 53749
44540 18463
16044 11313
7512 24923
49982 65577
1667 78770
20421 79611
15375 92876
72714 80799
80698 38829
1794 9945
31352 32224
76491 56879
31 93167
14277 77141
2063 9070
36490 35364
37884 70008
66507 23977
95225 23762
77417 69337
19811 43
36749 68002
20391 50469
73220 5565
88529 14701
45819 384
97266 43589
85298 86896
71820 79524
41024 31219
82302 58867
77348 51715
61543 70904
54147 94719
54264 22671
17026 90555
48443 92212
4769 35768
24474 76510
30258 50799
94637 69317
98614 65382
98148 388
89395 68869
54413 49306
63667 56258
88610 98218
93435 21400
22258 24066
41446 42806
60970 16152
9470 9396
34976 55088
45079 34849
32956 30907
61704 17336
84259 99898
57190 46832
89794 55872
2431 2386
20435 84341
29232 38
16975 93270
29092 59846
76752 30330
33449 72564
68514 10800
41264 23623
80134 40676
78369 79809
4705 14016
8953 40316
6663 51855
92609 10754
38624 57085
1036 82108
41045 67450
90508 27010
3258 76221
73778 17777
11383 94021
86720 32123
79956 39035
3693 59577
11520 50035
54420 3579
72862 38834
45337 37823
43085 12201
39546 54176
83315 37055
89005 2054
37989 71981
57116 68827
50389 88226
42393 6302
24697 86823
25983 36592
14100 97917
1192 34156
9699 87426
66053 40116
19302 80083
91165 80582
71752 75563
37412 59917
6061 66506
86903 12628
46520 48721
86098 78357
16694 31753
14894 63024
37738 87875
1466 75447
68246 67450
52277 97062
81442 28021
62822 14160
90573 16232
18712 24532
73709 28410
61077 75695
76676 6914
94557 48939
92609 28106
24931 54164
78224 76086
71364 72075
19840 80286
88517 13268
77518 31958
38057 60522
38323 61134
35212 25203
263 17590
29246 17294
21264 58714
66655 41128
69835 55787
29907 97389
13717 3453
65123 4956
72343 94285
66256 8820
33356 91163
38612 29418
63537 1077
79767 38205
51400 61492
27499 89504
70952 82047
87300 69398
52516 30989
77847 39069
26230 42345
42638 11552
95752 45838
60806 19088
11551 82225
20101 3886
69989 20766
78299 65535
36273 35707
25524 59041
31381 68713
8534 90781
17316 25704
90494 95634
83230 86778
54641 60241
68633 51904
51330 21032
69934 65408
8863 17430
13149 25448
12024 66461
56989 35309
75885 11957
34308 2508
55411 55644
68528 82257
52963 88940
46800 92214
85918 23045
35601 46979
18913 77738
94569 66068
73633 38664
74906 57176
10404 2479
31843 68213
75260 94213
60617 94153
68640 18320
63549 18892
41064 58450
96138 26225
45765 8562
70622 51595
67354 36340
71667 19500
46043 234
23896 11497
47265 93411
29696 40409
61064 19778
26439 93884
46309 56939
86525 42553
12454 44982
47312 42911
92776 84581
46490 49741
33711 96114
99652 64941
86342 4418
43605 92410
95187 470
39356 11907
91190 43360
70038 84392
73598 66514
62172 93057
76840 85073
95628 73374
4597 69417
20146 71881
77446 48795
99538 62600
80023 9746
66965 22238
45973 97139
97742 68881
58397 58929
34856 48646
28691 34528
32014 60488
43771 28770
45238 8424
88536 99230
69739 19775
32703 68046
85845 16718
71223 49015
73127 55558
51471 12404
49733 64324
6651 97675
31920 34804
11917 13601
52944 55318
79564 54249
97181 96926
83124 49623
45801 49141
7049 75411
72557 33214
11321 71273
84623 52307
72302 61374
71373 92365
8684 28349
86984 77953
76461 39695
51856 33608
4566 41288
31912 71928
67030 95774
66774 59886
95035 76821
34953 85709
67824 4086
11367 27007
26455 22878
57170 78170
59103 91602
76439 66302
27010 21233
63987 54875
60670 5537
17345 44816
50190 81483
25732 51310
59172 4867
35758 20955
1317 39424
26507 79762
4801 32106
79629 3335
89677 18289
87060 4232
61439 1337
96602 79423
22469 84627
5080 95093
32323 83816
54745 625
2471 4366
31737 39549
92395 33853
55705 85481
44806 5915
1922 41545
27343 2259
63795 47673
61871 25189
19912 30529
44353 92663
59593 53588
57321 72360
87853 23186
60079 20709
90121 53390
88535 57845
94906 59625
62109 95887
19530 54461
7890 18443
68993 7830
12750 71894
81964 73978
2897 70431
64675 52010
68474 16622
27641 66080
52610 72116
96581 28696
89846 14334
99624 86796
39376 24131
97882 52695
79089 8445
51414 65563
59869 12308
23806 49405
36050 96470
72300 82574
12902 7395
599 39045
50461 74564
74142 78664
76548 71675
46068 57930
20141 86454
31464 8750
60839 71709
82319 22601
94937 24459
47505 18630
36602 76986
13741 78883
82672 63255
9513 74456
28484 31412
53754 79512
79838 6972
83916 94991
9059 82881
32174 26060
11111 11729
77822 35129
56144 487
54060 87077
38505 97950
27470 62082
28863 82273
32672 89962
83932 49693
91221 60061
59549 81304
44638 11045
56050 95258
29558 29690
67698 74601
98024 31586
21881 60788
18365 26320
34239 65989
36006 32173
41557 55545
16706 14740
72159 684
71948 13367
31625 35693
50501 4320
68455 81425
36153 47569
94477 67395
89617 32845
