631 928
451 831
963 796
266 537
638 863
171 562
595 122
191 754
582 408
578 981
506 839
369 334
477 934
814 212
545 755
454 144
460 431
855 848
825 451
291 646
199 467
794 886
184 976
230 46
655 572
608 961
315 173
435 457
711 770
476 413
967 496
933 884
268 133
173 472
268 255
732 242
632 904
784 200
88 671
314 811
496 219
631 613
562 942
600 289
890 42
33 658
400 48
606 878
374 304
886 447
606 119
739 718
889 327
991 354
355 428
824 609
923 58
953 102
850 391
472 735
393 303
134 824
92 105
481 575
922 146
639 897
228 614
435 227
576 633
326 589
799 306
427 587
481 662
351 570
397 447
322 919
902 37
468 408
553 814
718 582
261 736
907 207
388 305
442 420
509 793
442 868
767 956
7 259
795 480
607 441
990 458
367 281
653 506
101 28
875 840
530 601
802 797
992 768
176 204
535 749
509 754
922 579
613 220
822 48
222 739
265 62
662 276
611 159
341 392
982 316
253 968
111 27
241 834
75 981
255 756
436 74
455 158
8 282
593 835
90 94
347 90
62 682
9 182
394 561
695 514
893 179
152 557
149 447
506 939
319 749
547 199
92 292
914 166
8 284
168 509
193 567
445 83
495 121
676 59
703 59
726 286
692 746
267 690
321 881
421 457
336 375
537 917
58 939
472 228
563 505
259 739
968 345
239 451
811 868
977 516
21 363
814 416
413 217
504 1
691 144
909 830
883 688
555 515
743 648
571 835
96 786
303 728
944 933
513 440
838 733
936 689
828 951
32 837
456 655
721 674
327 577
564 435
955 860
127 537
779 293
458 703
812 303
685 83
309 382
422 906
394 275
89 332
333 837
108 690
606 166
803 609
362 925
579 687
5 36
260 613
586 354
211 976
37 301
39 654
885 362
777 611
92 219
778 554
949 295
927 81
423 938
124 466
418 288
752 623
850 243
559 824
516 492
877 71
59 264
415 860
399 459
673 130
273 925
519 85
48 545
946 289
457 720
278 227
810 131
424 374
348 115
937 442
201 855
804 787
278 327
999 899
113 268
397 188
100 198
640 864
358 994
496 648
222 518
243 899
641 171
474 365
64 252
227 606
925 944
139 971
894 54
137 861
376 811
543 236
620 325
768 407
720 469
123 597
732 705
186 374
213 125
392 688
716 128
197 633
270 87
792 228
95 986
124 451
636 797
952 806
370 948
579 795
453 937
68 652
385 156
565 565
589 218
759 114
964 595
990 729
942 317
341 22
315 754
965 627
917 580
457 244
430 528
101 357
641 948
272 534
506 780
890 119
136 58
673 207
869 251
957 443
902 579
289 527
552 726
683 859
64 580
17 111
655 947
855 8
754 448
462 714
283 819
527 62
74 658
663 14
936 213
686 353
110 219
795 407
271 257
310 162
284 72
184 365
875 804
888 320
736 474
406 44
13 686
906 184
390 327
559 141
814 285
968 733
236 933
853 368
280 413
478 723
909 788
427 380
175 101
876 106
181 401
286 838
693 787
246 548
995 166
281 192
325 198
906 912
880 6
678 307
491 672
523 936
547 791
248 860
31 849
979 588
879 865
360 439
416 147
569 37
526 854
543 487
397 334
947 547
568 755
114 564
15 468
137 927
476 1
36 93
231 868
337 288
464 433
816 430
455 305
225 473
896 683
513 879
795 203
225 233
599 321
275 460
757 508
336 692
572 743
622 847
222 787
833 580
726 618
357 854
600 207
675 217
59 521
707 883
766 468
514 9
569 613
47 798
582 884
709 537
614 178
436 252
7 401
955 409
458 356
476 462
105 728
829 987
182 368
926 281
370 428
197 353
597 653
294 817
74 119
478 617
218 88
568 391
639 244
236 319
225 334
68 921
785 572
928 188
295 737
967 356
380 194
775 849
106 130
454 794
174 688
256 486
935 742
49 852
836 230
480 656
396 134
341 77
825 468
809 790
410 184
936 667
273 278
449 884
960 68
379 978
396 742
74 695
206 915
550 68
941 782
659 347
953 723
42 502
243 126
348 325
565 269
719 934
223 898
925 863
441 441
412 951
469 122
889 277
429 593
92 985
420 478
338 424
372 112
461 670
629 873
255 67
433 667
841 957
748 900
575 86
934 830
937 136
929 574
315 258
97 626
576 380
536 810
15 605
198 390
974 170
75 236
679 243
998 775
618 492
8 306
932 868
699 461
270 500
582 584
569 324
990 20
666 549
83 105
355 584
347 212
639 714
815 168
879 426
393 455
235 987
535 568
925 978
483 562
570 4
567 211
712 572
226 673
487 386
539 477
115 281
19 562
514 699
400 634
467 327
821 846
309 549
13 999
155 142
17 835
36 623
812 392
900 643
137 705
339 564
277 687
40 818
258 926
521 240
517 324
411 294
474 417
181 509
96 642
15 776
829 740
908 109
375 425
27 88
429 300
299 243
156 347
694 535
717 712
668 148
61 485
368 681
22 371
210 197
237 135
634 272
331 111
908 395
509 144
219 264
71 985
31 827
904 968
250 780
425 307
378 306
62 894
152 796
229 774
988 877
893 715
940 68
12 962
323 85
987 285
173 376
284 171
383 41
39 881
145 365
157 804
920 160
685 352
237 592
915 209
752 734
32 784
425 525
476 538
306 538
334 223
728 919
286 698
820 127
288 973
787 8
914 125
997 956
323 37
821 270
491 733
791 91
583 337
510 24
978 647
69 554
876 93
102 776
952 16
455 116
588 158
155 94
637 534
537 958
227 922
974 318
880 509
52 163
635 400
333 591
385 798
729 331
855 557
388 223
900 235
665 547
992 560
842 532
430 429
875 203
197 133
341 603
366 320
421 510
332 288
280 894
795 597
457 283
897 553
364 572
502 394
429 25
61 965
948 370
234 861
863 678
922 589
896 248
507 997
590 407
468 589
997 686
334 544
34 580
102 673
23 667
580 724
544 987
99 416
280 768
360 171
443 633
496 14
528 125
677 311
583 31
211 783
156 963
343 501
182 234
104 386
278 747
333 101
553 71
649 770
244 424
923 842
511 639
396 474
849 696
453 863
823 997
120 881
779 78
582 154
156 606
410 99
438 154
500 37
59 480
636 751
349 941
418 456
701 771
815 874
179 65
445 716
862 184
456 317
925 800
170 255
730 240
212 118
840 582
975 717
715 96
272 895
229 316
491 319
866 227
541 44
765 630
428 736
224 569
656 404
150 560
615 942
958 321
108 243
766 52
844 401
417 920
59 943
538 782
938 927
353 125
130 214
183 343
137 467
106 291
817 584
458 132
262 38
287 23
121 170
126 614
923 78
910 147
78 286
348 295
353 652
317 974
863 910
337 327
92 148
772 778
317 118
709 497
878 245
633 601
371 692
215 490
818 666
894 813
276 271
661 661
57 716
925 547
847 444
904 587
478 421
653 738
583 890
209 215
290 875
640 560
592 606
184 476
524 655
796 543
710 999
976 234
793 780
705 675
968 729
472 886
784 286
690 646
307 582
444 339
701 157
895 318
456 148
42 962
211 784
765 143
137 995
627 820
507 524
185 96
62 826
797 73
199 242
521 928
790 566
872 70
356 461
489 653
705 747
77 997
2 544
58 627
540 498
124 558
650 451
345 56
530 880
481 795
759 982
529 344
142 339
678 68
415 994
490 537
43 759
751 834
585 228
107 382
528 394
960 132
810 969
874 352
167 991
424 600
704 795
257 163
762 20
469 687
297 84
767 623
321 592
843 420
725 41
337 15
859 553
907 92
248 462
226 214
421 611
45 168
138 501
298 731
649 390
54 332
114 249
241 868
41 466
126 459
678 690
887 235
959 558
491 632
429 246
552 831
108 948
42 793
214 935
993 61
228 613
306 603
484 514
179 214
22 422
595 375
292 157
879 381
410 681
977 278
937 224
163 883
708 963
37 560
583 164
596 781
200 281
496 697
1 330
743 166
800 219
514 193
582 973
162 526
642 92
713 831
436 35
670 397
489 808
178 737
608 732
548 533
463 313
646 858
587 53
95 197
449 188
639 645
156 900
30 418
424 482
608 384
52 767
1 142
564 522
950 712
777 87
291 302
890 785
383 486
685 637
112 201
575 657
5 118
339 387
299 649
772 519
448 206
634 46
754 988
656 280
962 767
47 261
173 231
875 808
176 492
256 96
307 791
671 746
392 83
219 695
952 657
644 579
229 331
225 318
602 433
99 710
92 302
550 932
943 428
735 689
99 832
76 555
584 135
172 237
127 277
170 41
463 860
276 273
117 59
267 575
788 714
976 758
283 690
667 184
708 106
165 259
741 912
252 191
451 713
144 474
295 574
263 927
667 320
938 332
713 359
799 732
15 431
259 773
53 462
456 487
467 142
907 908
896 990
398 876
171 385
631 328
826 573
537 979
731 564
229 300
289 287
676 349
286 333
800 434
18 126
938 163
659 824
239 53
52 998
698 97
519 792
315 679
801 139
976 993
135 914
95 985
683 537
595 845
71 131
666 72
861 411
210 803
262 706
923 234
646 899
736 434
107 362
853 417
975 211
446 494
