6216 1785
8686 7578
2324 447
159 6595
2304 3039
5080 861
2227 6681
799 6185
3013 698
9480 717
5016 9454
5287 4668
477 1739
8174 9838
6744 3843
5006 6317
2579 8952
8918 6378
3624 5801
3818 9449
4820 5092
3673 1778
5108 8214
9110 2551
2750 7210
8074 1378
5055 6450
276 7743
1661 9486
679 312
6952 6848
7671 3916
6983 4289
3511 3875
1330 971
7203 5652
3984 3772
5370 4688
9181 5785
6391 2792
6444 236
9264 7811
534 1496
3659 7303
3278 3854
7522 1020
7679 5822
1066 1050
650 4315
1500 3072
2294 5279
1435 4245
3847 332
8365 4030
5002 9148
8957 2274
8082 3070
6031 9898
2491 7058
7028 5112
5998 4535
5048 1098
7790 737
4267 2171
9781 9293
2562 3215
4888 4273
6504 1997
3531 8250
7157 914
3762 6303
5926 7572
3508 7646
1212 7613
2912 2514
8130 3715
5955 5705
9745 6663
7105 7830
6713 3625
9983 3271
8688 3894
3796 5931
8584 3864
73 6110
1487 1216
10 2866
7390 9347
4943 1107
4196 544
6143 8004
4906 1080
9457 4108
9013 5291
1409 2479
176 6051
429 8576
1539 4987
8408 9942
895 6347
1207 8709
117 3830
5143 5268
9411 5606
1598 6394
9045 3
2895 9601
6808 1903
9413 9118
9443 1217
3504 414
1298 2294
8984 6506
2082 7548
6854 2040
9937 2215
1483 7940
6493 2206
483 567
5049 1979
8728 6888
8267 7336
2483 7007
1373 6071
2890 2697
7792 7915
7658 9185
8146 5458
1070 1115
655 844
4179 5506
437 1030
5835 6158
5248 8546
7556 2494
2323 4891
493 4529
4696 7722
4057 631
7211 3045
6733 411
5728 8446
569 8923
77 5472
4033 7317
1402 2267
2306 7612
5454 8865
2176 2342
2280 6771
235 7696
7371 5166
516 8003
2077 4366
773 2061
295 5283
9151 2223
3765 9208
9556 6409
7863 3949
2126 9978
4014 8395
7949 3501
4315 2870
5740 2402
5388 4014
160 1235
841 260
6759 9103
6762 2475
4285 7046
9267 3293
7267 7260
1292 3048
9710 7402
7211 9246
2294 2546
9363 6155
3758 2393
547 2020
9928 2903
6011 5527
5301 3360
3605 120
7932 7398
7575 9145
4170 4929
8091 8871
155 3117
2586 5914
9925 926
7913 9957
5487 4467
241 1005
3671 4839
7799 5466
7852 7482
3131 8155
6794 6975
1759 3748
4167 420
7061 7218
6028 3372
6902 6433
7706 549
7725 1452
6021 1937
613 5118
8527 3735
6907 471
8606 1816
2265 8309
1803 7316
5399 6666
2379 9456
7685 318
5711 9875
5710 8138
4158 5711
8901 4764
6900 5460
408 6445
530 611
4171 5798
931 2450
60 1878
8516 704
8634 896
7238 4322
1704 4829
3541 1463
6210 2562
4721 1965
8811 8438
8662 3028
1358 8033
4647 969
3558 6087
7717 8495
9703 2191
1659 2972
2816 9522
9921 8691
4638 3638
691 8843
1667 3218
2327 2474
1685 3503
8654 2578
7106 9907
5081 6780
5 324
2382 5663
3385 4756
182 3510
7577 4117
2425 5939
3037 7619
6061 4034
6809 9903
8235 8969
2862 8926
9117 8069
7969 5796
3976 1868
7948 8182
4909 4715
8655 5571
9889 1992
2374 2469
6051 8098
6148 5827
218 881
9699 744
1215 7402
9170 8729
2203 7723
9157 4643
1305 2856
7121 3785
5809 28
3524 2983
4879 905
7371 7731
1718 9064
5911 9462
5738 3345
2274 3312
4483 3997
1258 5798
5832 512
790 5121
1884 8857
3911 4438
5080 4874
8643 3506
3489 1560
5030 1168
6209 5591
2689 8749
3918 7898
3613 6788
8548 9401
5781 5020
7313 9983
4369 1671
3196 3240
313 4783
5355 1452
6239 5609
3171 7042
1747 8059
8364 9545
3221 1389
3855 7667
5715 4559
25 7762
5672 3409
7320 5545
7213 5115
7264 9137
2844 4899
2340 9396
105 2311
6518 3835
6406 7557
8442 5041
6317 3862
4672 3496
7106 69
1725 2820
3779 2948
2565 1494
990 9846
1270 3671
9043 1377
1114 5025
2110 7558
8242 2841
3792 2513
9139 7339
5145 8913
7124 5779
4075 7015
7039 3569
3932 8888
1019 5654
9832 7444
8714 9321
786 9276
219 3273
9289 88
2974 4531
9450 9126
9101 1932
8849 3666
8979 7815
1350 9879
7813 4250
4817 8269
4316 516
2214 2974
7745 6459
7085 5668
3498 8733
8702 6738
5164 2699
2738 6855
5072 4819
314 2474
9843 8661
6267 504
4954 2123
1126 1398
2296 1410
450 5544
2750 2197
2777 9003
1906 739
8409 7440
3195 8141
2304 1254
3500 5635
7749 3653
1242 3105
3894 9437
5474 5126
3800 2645
4316 8666
680 2852
3599 2129
8292 6647
1412 4223
9947 4535
6735 6384
5107 7942
9845 8894
4091 9631
4705 2424
8555 2398
2729 2843
5729 9103
6710 1012
3351 8852
4734 8298
175 7068
705 2514
4781 9599
5327 3130
427 3802
9649 4388
6898 6264
80 5156
5584 6734
2321 7381
4568 2838
2353 6724
7553 4246
1944 2415
5444 9579
1957 6917
7616 8723
2687 3076
4412 9916
6132 3527
786 4952
3986 8588
921 1547
8690 3382
7902 711
1960 3583
6485 9854
516 7833
7699 1443
7261 3515
5243 4691
4937 483
2346 4772
7927 2089
1267 8115
9122 1257
5137 6405
9476 9184
5809 5475
6269 8925
295 2737
5187 6333
6336 2088
1328 5778
7123 6752
8427 5818
3049 1239
9332 8402
1333 315
3374 9553
7140 3613
9793 4432
2330 5274
257 9839
381 988
676 8327
5113 9580
3431 8429
476 2457
2313 8559
9238 3614
1256 4116
1290 9506
4098 1957
496 1620
1758 5266
8911 4503
9873 6492
3215 9258
7844 8072
9820 2651
2245 4070
1956 6362
6097 5109
754 4367
3839 7197
5329 5988
9255 6870
8893 4318
3505 465
5248 325
9073 6052
6179 9736
4526 2843
2927 1894
1637 9843
5001 3064
5012 776
9793 4854
8265 5327
8490 6472
4312 2384
4367 7442
74 5746
9758 6610
8069 290
8024 1783
7853 2460
8547 4893
9200 849
1189 2584
8596 6733
8113 3660
8351 7793
1238 5254
4687 567
7901 8782
1444 3993
7298 658
2153 1895
9979 8177
6347 6840
8942 2312
7549 5282
817 7694
8305 6277
251 1737
1429 6620
5025 3132
1699 6326
9470 6454
119 2439
8874 4358
8214 4272
7846 1111
8121 7160
7688 5801
6228 9840
6481 1574
6345 6822
23 8033
5298 9514
6272 5567
7990 8891
4670 9527
6706 4732
594 8252
4361 191
4573 4198
6415 620
2669 7235
5075 986
9685 3518
5943 8765
8427 7944
531 8716
2112 7752
1937 108
2898 1173
8639 7122
9977 1422
3834 5101
4525 1011
3530 6686
773 851
8335 5515
4739 4846
1386 5826
6619 3313
7862 2066
7347 546
9726 9230
5336 5405
85 3535
8691 648
9075 4759
4640 4957
4734 6876
5627 5263
6439 4228
218 7211
4367 9314
4696 1541
7724 2649
4456 3524
9168 7731
9101 7396
3164 1385
4432 9375
8727 1881
2106 3510
4644 4690
8457 3062
7577 9861
1902 2114
3221 1202
6573 3690
3731 3634
2559 7352
8822 9903
894 2767
1642 2653
9913 3643
1357 3668
4396 4447
4972 3254
9006 140
9920 4930
8026 686
7965 5939
1826 2822
4469 7219
9073 9665
5660 4259
690 3695
2229 6480
6572 250
5065 5569
9842 4109
9688 1636
5248 6384
5364 3766
6818 5817
1342 8789
1445 9172
7636 2163
5830 9924
192 6422
5253 5307
3400 6596
1575 799
7390 6081
7403 5220
3910 3118
4460 8904
665 7705
9522 8342
7896 6927
393 7467
38 6048
9024 2158
9085 8463
7636 2296
1752 8428
285 2143
7356 8169
2714 475
4814 8174
5240 7330
6503 1432
4892 8362
561 1153
477 1634
6365 9046
317 2656
9015 155
9450 5460
9839 9371
7828 386
5022 6910
2516 4866
63 8910
61 3016
8925 5039
7133 7663
6122 2805
7435 5930
8202 3200
1763 7103
6377 6852
8237 7969
4825 6089
210 1279
3026 6067
2748 9078
4376 8963
9875 8766
7123 3673
5725 8803
5478 5692
9513 1795
2768 1019
7558 3386
357 6234
4759 7633
507 9336
4400 2224
2305 7848
2797 7960
4082 5100
7773 8972
3704 2836
3685 4906
2020 6265
3889 1074
7204 1417
4996 8163
2269 5602
787 6599
2588 9884
897 4305
4197 2253
8319 6471
2552 1558
8820 5614
7682 4169
6467 513
1137 9743
5735 3604
8013 6056
8811 577
9881 2183
5171 9659
9973 1098
6090 2644
7598 7269
2286 7464
3215 390
4045 6585
2126 7169
2595 4616
6804 9615
9993 5681
6091 544
2691 6498
4186 8957
7858 2899
5926 1808
3184 249
9202 99
8330 7096
695 792
9585 6560
7510 8827
9633 8705
2035 5762
9842 1791
4335 2719
6599 3159
683 982
1545 266
4249 9270
2789 6120
1471 2085
8053 7007
5673 3903
6032 6713
3354 6513
5235 7791
6008 3645
3174 8297
1412 2313
3557 666
8008 7063
3347 5345
1017 9571
5222 6173
1861 8308
6177 3477
3471 4114
4062 8795
3075 8528
3467 3556
833 6242
6014 6489
5983 8635
9343 6713
6882 89
3353 6218
4418 4969
8152 8496
2892 3276
433 6119
40 3236
7793 8878
901 1001
6386 32
6696 8489
7720 3547
7742 3061
9153 5677
9302 5218
6020 9878
3839 1520
1308 6981
5122 4304
2845 297
5035 2555
1347 1479
4942 2202
3027 485
7572 5475
34 2463
2303 4029
3897 6234
1922 6489
4395 6249
2024 7190
1675 519
7627 7411
4986 5231
6081 8046
5252 3412
3472 6687
5623 2925
5902 3330
1159 4736
8512 9988
8546 5082
7941 96
3435 2480
6725 8545
4135 9387
3316 5355
7736 344
5131 1709
1081 7791
8484 2940
8644 8439
543 8366
2548 3380
1339 3060
8706 7541
5768 536
8217 9730
8354 864
6105 7000
4213 6337
9639 9982
1780 8033
4705 2408
338 1008
4604 921
215 7124
3310 611
7613 181
6297 1706
8836 3333
1923 1087
319 2127
3943 5617
5966 9908
794 9000
2238 8962
5184 8673
4880 1405
550 8026
9972 869
9848 5209
4122 4874
7328 2316
1282 2213
8402 6943
617 6228
6403 223
2613 8610
4606 4443
9020 5394
3483 9504
100 85
2393 3470
1337 2123
5574 4862
3679 8949
815 5996
2098 6972
9909 5615
6698 3975
765 8677
4202 3086
5918 7175
8311 634
3911 3858
5722 167
4122 4312
4224 6568
2937 7628
1749 832
6665 4421
3059 4946
41 9543
7555 6258
5603 5328
3027 8288
3303 669
1489 2265
9541 922
9412 576
4223 9997
7045 5593
9593 3569
2681 6859
8211 4134
2995 4116
5907 7727
2248 7272
9755 4689
657 5473
7370 259
7029 5016
4986 1071
6823 8293
8468 1901
8645 3735
4679 9718
3731 4780
5628 4207
7363 6474
9619 3533
9162 7473
7802 5287
3933 4534
9525 2827
2799 3577
7333 2106
6622 7903
5653 9605
3010 8763
571 392
5265 2483
3879 915
7519 9512
6434 7452
8927 3764
2189 6793
4027 2471
6334 636
3561 2715
776 6446
4867 4316
5175 7275
73 282
2231 9705
8665 3612
4639 3168
8108 1483
1858 9326
1202 8756
7678 5723
9278 4890
852 4926
9377 676
4603 462
5856 7609
4608 5931
1648 6235
8124 2262
1485 9145
6584 2408
2771 8007
26 5337
5805 8366
2568 2397
9420 9072
545 287
9465 3096
9645 7033
2364 8406
2396 7486
819 4339
1577 1007
9435 8393
2869 5581
5435 9861
6349 7539
3869 6372
9734 1343
4300 6867
6845 6537
8442 321
7898 7852
6300 2689
1494 2870
6392 9513
526 8726
3403 4130
4303 340
8763 6591
8617 9854
59 9260
5123 5082
8066 7626
1137 4258
2146 7888
7588 4515
6136 1769
1664 5934
7677 1121
1288 4944
1122 4662
4592 8710
8558 2718
9167 1710
1029 4878
8415 5692
2801 546
8555 7902
2834 7400
4464 2614
5081 8374
1260 8916
2314 3617
9887 7425
4132 8526
727 4118
