2114 673
3811 187
3935 1237
2631 2153
2098 2580
1661 619
2319 3802
2426 2503
3079 2145
2918 3030
2209 1251
1733 2200
1878 4143
3250 3194
667 1317
2854 77
2191 2895
686 3620
1411 743
1763 4450
2281 4751
242 3317
853 4817
2899 2043
4833 1915
2095 231
4061 3806
747 1760
1763 1644
4186 655
2241 4259
3134 4467
3927 2122
1391 4338
1640 711
316 4366
1341 139
2469 401
2253 4075
2540 4783
4953 604
4528 3431
3443 4009
4769 2733
1839 3692
3042 1183
4290 1759
3823 3474
735 4861
3744 264
2232 4107
2630 3176
4066 4860
395 1043
1609 533
2694 1326
2410 814
4699 2425
3120 2562
3521 3658
2445 1435
997 3767
2618 1204
3845 3422
4603 4357
2414 2603
1169 2389
46 2014
51 871
4462 2533
4719 1819
4463 765
3465 3255
4222 1097
1542 1130
3802 29
4811 3278
2345 2266
2326 1783
4578 4149
2686 4748
3846 3830
4327 1713
4880 3666
1661 518
2155 2726
1018 1160
4195 425
2154 26
2347 3156
2291 3416
2150 1704
3875 911
3401 3012
2681 3220
3197 2594
3630 4008
4698 4397
932 1268
2655 3834
1764 3503
1687 351
2606 1969
2157 2876
65 2315
496 4381
1002 2094
2913 2305
1801 1500
4129 2
2104 2543
776 649
3549 436
1568 3213
534 3274
3880 1344
2124 1565
4716 2622
1184 2722
2154 419
3705 4327
4103 1320
3368 3745
2304 3626
763 3784
2821 831
2102 1115
1039 717
1464 3059
4883 889
728 1063
2062 937
2384 3412
3168 3823
2962 4366
1485 3186
3736 3376
3894 426
216 4124
2311 2032
4115 1407
4561 1704
4431 1588
3879 3236
1562 4243
3134 3934
1807 174
1806 1769
1597 4952
4541 3605
2306 3563
907 3765
1792 2164
2712 2414
422 68
3305 3927
1847 4222
2209 1576
3151 2416
4508 1088
2209 1608
343 2375
3925 3348
4499 908
3991 3950
2393 4796
2532 1690
1415 1392
1062 2750
2184 1121
3198 2685
2042 1851
360 1279
225 3331
3146 1745
89 1798
4079 4452
1560 3608
4432 4605
3138 1478
3634 4576
1126 3744
435 1858
2790 1718
1213 3930
4412 1230
101 1234
3231 2896
589 3688
4253 2206
1653 3467
4707 3507
449 4901
4847 4270
1364 3444
2574 923
3746 3556
2714 3694
3795 733
723 1277
1667 3556
4151 3202
1286 1944
2972 857
849 4563
2601 4764
2603 2244
3293 2369
1203 1789
1287 220
747 22
2420 678
850 797
151 3938
4496 1743
299 4560
34 3440
2652 2480
2021 3459
2116 708
855 4382
3073 4434
1273 1494
3763 2261
4400 218
3236 4423
3595 2742
2672 3669
4519 1615
4067 239
2326 4325
890 4162
4975 4482
1593 3324
2094 3038
1372 3692
892 189
4809 579
1337 2661
2707 3739
2102 2775
3849 4010
3183 4401
3877 2802
2365 742
1601 3201
1282 2243
4035 3544
446 863
4193 4907
3590 1278
3343 556
4844 1962
2366 76
3993 279
1982 1246
4567 4792
252 1873
668 3707
4487 4995
1976 3334
2492 1557
2367 789
570 4079
3010 4458
1296 1752
744 2175
4834 2297
4730 2970
1562 3495
837 877
4411 2156
2360 3442
2576 4865
452 4280
2347 3490
2691 3708
2442 1230
2954 3870
4388 2545
1080 79
3826 4552
1281 3876
1496 2688
1940 1746
3514 835
4343 3646
2131 2832
3716 1807
697 990
1189 4027
3365 2060
2028 3778
3678 136
2357 3219
1261 1563
332 530
1555 4790
2531 4370
574 3187
1188 1692
434 2921
2925 2356
813 4229
2521 3149
3195 2794
3827 2537
4728 2910
3293 2878
4684 2816
2494 3840
2664 4529
4698 1543
1359 4870
3220 1509
3695 1655
3063 2318
967 479
882 2020
4362 337
3713 2846
3194 2459
3936 197
2192 4698
2443 923
656 522
568 4280
1705 247
4478 4770
969 1109
4087 2968
4520 2376
241 1747
2291 3873
762 1410
4953 2630
377 2424
2650 789
3794 4796
27 2916
1945 4309
1765 4528
1152 4088
4182 3137
2731 4712
4919 4934
4993 3248
3324 4474
397 3559
3115 3746
4954 3137
1380 481
2725 718
407 2491
92 3090
2322 2146
4421 1513
3225 1920
4225 2852
2680 3418
551 867
4093 4653
1932 609
3200 3529
88 447
4380 3158
1701 4062
1255 4878
4169 4013
4237 769
458 2146
4795 255
4233 2769
1143 4062
4903 1959
277 1112
740 1785
4357 1375
2702 638
2784 104
3974 3421
2200 2098
3463 4613
183 1745
3472 79
4632 3740
1681 4713
2290 1239
3730 3642
3419 1189
2366 1054
4577 1901
3894 3261
2452 3736
587 2868
599 4309
955 3375
3933 2009
1461 1137
4896 2630
751 4834
3244 50367
4724 54363
546 1485
502972 503897
61700 504689
2235 1804
3639 4927
1131 1547
4718 50300
9357 3614
393 8730
1467 5080
4717 5364
393 5295
5 50937
3202 3432
4301 53630
3335 5012
1912 5903
458 504441
1749 5911
3681 5470
1308 5188
565 2024
2023 1172
522 4162
4571 4997
4929 1524
2142 1794
161 4298
3434 7230
1029 3855
2559 846
4983 9455
1952 711
585 926
3275 2786
268 3440
1724 4629
1794 750
531 4032
1645 4633
2673 4416
651 3647
3146 1515
2353 599
340 2025
4988 4522
1935 3051
1198 40
124 282
1973 3124
2607 4207
3896 2646
2825 2531
2771 2595
670 4794
4043 98
118 3832
1587 2989
3231 2528
4675 2314
303 1765
1298 1286
3783 2663
3898 2357
3659 4981
4410 3256
3350 457
178 1923
266 4884
4695 4369
2349 2822
2902 1415
4423 4618
1021 2035
4128 1996
973 4039
302 880
60 2917
580 2312
167 3352
4959 3714
852 500
578 3692
1789 4732
2737 1317
1577 4950
1906 1577
596 4261
2087 2992
471 3411
3200 3
2426 4865
3670 3908
3742 3268
474 2362
4087 1709
3148 1950
78 4054
1096 3533
2437 532
4874 3809
2284 1109
3666 2878
4009 1952
3771 4255
4435 2195
2421 1594
1631 2084
4826 3639
1875 576
886 1264
24 42
1855 2557
3310 609
4012 1351
2455 1160
4410 1374
109 1923
2394 514
4351 91
3918 3458
22 1254
3834 1533
975 2390
2695 4795
9 501
1626 3278
4429 4969
4372 5026
814 657
3714 5023
1358 5023
421 5017
2912 5026
2532 5015
3588 5013
837 5033
1252 5031
1314 5000
4430 5034
848 5023
4738 5036
1659 5023
4507 5028
462 5041
306 5029
3575 5079
2438 4523
414 2375
4440 728
2941 3564
4571 3139
3115 3233
1345 1421
859 5604
2696 4018
3626 2873
4883 2412
3086 1748
1757 2415
545 2699
3992 1696
2053 750
267 179
401 380
819 1103
4642 3651
1024 1472
3253 3876
2392 4385
4888 1744
1225 964
744 923
4688 4472
1877 3868
207 1798
178 533
506 3464
4937 1734
1178 3557
1388 3624
2675 2461
533 4816
2720 4774
2222 3619
311 2361
3837 1336
374 140
2879 4127
3980 2797
22 504492
4805 4087
3261 1959
2797 2972
2816 3459
3414 4744
2208 2393
4325 2253
3532 2256
782 4416
3947 2827
4064 1056
3766 1536
2898 4430
1275 1880
2245 1701
1715 2344
572 856
1077 1939
501 550
4148 3794
259 4254
419 0617
1301 4915
3033 150
4662 2611
2064 3313
1391 3801
199 372
4522 2109
3199 2748
1005 1718
1242 2797
2726 2914
3047 1182
3662 53
1274 278
2430 4251
1961 3045
2638 1188
4386 4399
2357 2731
2544 31
290 4530
148 3589
2257 2806
199 1766
1473 4979
2325 2582
3522 2972
1270 4981
3651 1833
4855 587
4794 125
3333 2921
1101 2786
4801 3630
1885 100
2655 3810
2403 1087
1849 314
4443 845
4376 4073
1860 160
1058 320
4105 2528
3007 2514
1914 4082
3413 4870
3707 3174
3900 649
3574 603
2812 3543
2365 233
2674 46
4463 4218
386 4752
2724 4373
3398 2835
900 3977
44 478
4033 2923
1949 3570
2133 2380
498 1778
437 1083
2593 4857
333 18
926 343
4990 2014
157 2079
698 2440
1435 3824
3320 3708
2180 3838
3731 1651
2726 4092
405 4921
1613 2617
4817 388
464 4204
1685 3431
2857 4444
3542 3259
474 4265
2670 1153
4795 1353
992 1230
4544 1640
4420 3843
3310 4567
1702 3160
1102 1031
3577 1669
1042 2458
1249 4749
4709 471
246 1879
4824 2496
2868 3594
1958 3265
2271 3980
2720 3736
1492 2959
477 1691
2867 2576
4545 234
2777 1990
2671 498
3162 1028
4113 779
2155 579
2876 1583
2644 1871
1009 4416
2084 4275
1637 3564
648 2883
3026 327
3140 2767
4446 2782
4674 3071
1937 1707
4911 3496
3605 658
3178 2329
1022 4919
3305 3394
1272 2169
276 106
720 927
2786 1890
2267 222
1794 2084
1562 3892
4938 3570
1111 2268
2531 4996
4089 1750
3686 2058
619 1218
4791 2505
4852 3057
2856 4326
2615 592
1985 1493
2578 4594
2338 948
2379 3345
4139 985
1551 4905
2443 2540
4116 321
2684 3090
3398 3975
3312 784
7 54
2381 2592
4383 4167
499 4891
4460 2353
2855 2275
210 670
696 1108
1059 4332
4502 2870
2282 2156
4106 497
1042 2450
969 782
715 3346
138 4366
4836 2507
3423 4010
1444 3963
2936 2878
2074 4007
4434 2106
3765 2405
103 518
3966 2200
4887 3345
2874 1327
4317 222
595 2098
1452 1644
2405 3986
4528 1657
4030 4981
405481 777514
154631 632738
263865 650489
8111 8111
233063 855532
319191 699172
418260 749094
237152 850499
251355 805188
128168 808007
473758 949286
128460 554742
103835 855895
247303 577061
302941 617339
267193 705134
160527 871925
175683 477840
233003 716722
73198 996452
174097 550133
406571 503383
87475 811680
359829 813768
146669 963771
84691 743680
123762 754917
342553 551529
131969 504340
302702 711085
744621 889674
293609 817196
299613 583638
398580 503033
223394 824292
391443 802226
253828 504610
434750 628346
364584 938192
108169 894164
10025 599300
169285 995326
317036 941495
453823 516712
13970 553167
157254 798127
320967 676393
45226 571835
338520 509282
365888 963857
62082 662275
56450 577302
247300 952039
63251 520865
198742 615659
454816 951290
296499 842033
265378 948821
426034 565616
409696 645158
9267 694011
306418 864736
140372 695852
84224 805070
144163 755789
480520 844460
178798 904931
322655 817763
330582 980376
1839 930591
486210 924003
407134 582191
198448 698262
29359 804185
306470 744196
22946 537175
220071 794349
176182 643346
80705 513095
135919 690553
341571 820907
81522 870430
124235 541369
172174 943405
420413 705960
386965 993066
73136 510894
45351 657254
154051 592104
149039 691389
253229 738792
362791 829360
430194 546392
272567 814234
198737 648879
230843 935153
88378 555311
75394 737562
153757 842743
416562 607721
316830 673196
8969 775156
233444 848703
351199 681683
274160 859803
28583 991255
56139 933902
388308 828292
117753 680370
209401 564428
46185 776310
220808 716297
40430 719213
224539 583926
354216 627059
395441 979754
54107 526008
288465 671891
85666 515402
314154 708011
380220 742147
485115 586906
208132 549196
278542 568775
432638 967660
215935 885276
279962 877749
250306 669627
89378 697988
368911 596096
275438 625189
21978 970879
38063 716633
452173 757572
262764 704993
247914 763987
371790 918425
360443 843829
4920 760462
462343 690205
71789 801438
53601 557238
181717 550794
306011 707531
464059 966266
404024 535346
364238 826605
262462 544374
104103 775355
353578 995583
489930 510250
429182 726336
277957 869961
233973 891165
485909 740781
44312 514231
309160 511493
400457 527670
93374 648316
320828 810417
31240 573386
143877 906205
74003 699191
167788 704944
162910 670606
200253 627249
119622 608473
443484 536510
90371 992735
473910 911000
147499 767190
203123 846607
136692 803367
250760 859142
32151 637117
196041 737315
43184 794505
333211 562805
465314 565750
206759 631106
478807 591460
200778 806348
251205 591491
482025 667200
180556 544141
362402 737595
418748 832096
215966 850232
385332 701494
185731 532858
35141 846659
218470 551891
156501 621899
170173 697583
227903 610814
133971 811200
283959 662097
32916 585030
410603 927546
448520 855483
1 1
