75747 97798
49394 1034
42488 30864
68825 24950
19226 6256
29746 51155
15906 97194
91529 38265
30815 80980
97961 36882
30885 4313
43938 24973
18368 88885
38538 49246
99423 52218
62116 73607
345 14432
70436 63570
32174 69437
63296 15411
70494 55430
62682 24921
10538 94702
20764 30158
18652 35764
59424 36635
75968 27073
14364 26009
95858 85184
43304 46243
91004 69031
94162 64238
15698 50643
54686 41535
49503 38134
96454 55335
85960 72510
85315 41663
94882 79948
72378 51119
70430 66292
8656 79795
40585 56577
33532 68654
66769 75016
49030 38627
60336 83800
661 89119
34224 32714
21026 37129
12121 79164
32976 41836
10297 84843
25543 54081
66161 58175
8179 76826
91824 82168
75927 42060
1066 33547
17883 29752
77656 86155
41753 11011
97736 99674
55413 86706
47589 91787
65901 88583
21682 91813
23909 19230
54736 81392
55912 7327
92889 35620
43508 19352
17802 32175
49730 77684
13766 46809
84832 44703
38240 3112
37207 50714
74288 70021
21449 79031
6980 67283
67154 79712
30510 89555
96805 23672
60503 56289
39198 48717
94902 65180
42158 80188
6145 63762
14787 89938
77487 1809
54128 89085
8354 64823
43739 92074
99246 15015
36523 1878
73617 77681
88060 72724
12154 87426
60019 19354
60982 66688
19181 85863
24534 89361
77008 91994
43441 40821
15629 68489
74001 86742
62506 47943
54804 32441
93735 62792
56920 59894
83185 89561
24752 79460
8758 82270
41895 59996
27058 69386
59213 74597
26474 53821
19640 5491
9298 10409
57084 34631
61965 35059
260 90511
64301 23869
33657 55950
78648 22839
10963 61572
81808 23578
80474 25854
78681 91932
57378 7590
88072 49271
46206 56832
59493 50121
7217 76027
82559 24826
5607 93233
97263 83964
74479 72097
90258 42141
58274 23998
90326 18229
2127 75428
52751 47842
21320 47471
30423 40192
97965 93506
9406 5801
1291 18134
56602 15597
38896 33063
8567 70892
62550 42297
64534 39854
3856 14320
29123 20605
14496 64612
71460 66708
13339 70055
86755 43568
70839 95055
36666 7340
71196 26845
70503 16206
99404 22293
41279 15595
51951 76545
30240 15094
81626 43815
88813 92340
8846 70268
12298 62146
23406 69301
57268 95999
92346 61264
66805 45904
49705 98054
22053 27433
7186 31379
98192 39594
67375 31100
27054 88198
89168 89135
86205 66208
99986 31558
61718 11421
41295 24086
41956 76547
49578 23084
37389 96058
9218 83796
91143 32319
73601 47016
75814 53983
43555 733
83891 49192
46264 14323
69935 45897
3788 13010
34613 38358
65430 92509
66901 49894
50356 63633
8734 52607
69262 2678
68754 31408
2861 33347
73444 1120
24767 60440
47362 26407
7343 73551
55711 64844
86507 57190
79259 99901
12736 94109
77062 57078
11913 51318
33629 30012
32030 93873
77639 59170
26446 34885
70218 58452
29642 88285
3220 76878
14630 611
73237 10611
95957 85145
26184 91202
69323 77414
91582 19097
35058 76555
26435 58318
58426 12115
14281 86368
18923 86540
9421 73444
8840 80208
99970 25406
54114 97181
28596 6466
25258 96285
71300 47089
86215 23725
44246 95084
91876 21674
69543 45349
54093 70594
74207 51505
24345 78758
77829 90387
61890 1848
55462 96414
87174 41565
16515 35446
36850 45718
91975 42800
93128 92316
22383 79578
40764 71076
57051 46573
11330 83557
80508 22824
15009 71626
73142 37454
45254 67707
68204 19998
6377 1050
35175 91064
61806 8351
46938 3165
44196 700
36557 61976
7961 17771
84677 18269
50603 13885
36628 46983
9501 89783
46867 35452
83297 62424
35755 59245
468 59169
57954 648
63607 65776
84243 17681
81755 90176
64400 68431
68575 34632
28233 50748
13842 61517
37038 41115
84044 85059
28770 19785
52862 88681
5831 2674
98618 83670
68018 97905
54248 3253
74910 4067
9010 57768
76735 64223
82225 63752
25648 84445
6726 10149
68385 57782
43772 79667
44527 21878
71974 18621
94597 12858
73346 61707
87834 83137
4012 58976
88276 99555
26510 67201
96772 98539
74846 43969
26009 82353
19941 8738
86854 12475
41097 33667
81212 26449
60519 41972
81118 14384
4424 60759
87336 28928
2214 73536
75184 35998
58025 16415
94961 40231
60205 50235
36796 54281
4961 64909
45209 82182
4155 32069
50062 70604
25747 26360
58014 80904
6954 5066
46310 2533
19201 43380
7938 12170
97948 55773
77244 97850
87131 51783
52134 88130
18712 44600
4809 37946
46061 6480
93810 11049
76769 70469
15383 38257
44440 93048
37859 53596
22110 76862
98188 35163
81016 53933
89748 28488
70333 79612
45984 72395
47436 69651
97688 9462
58912 54258
61625 97004
11081 28540
68972 39161
12166 2445
6981 77254
97826 6124
76910 18031
31452 74217
40318 64726
35575 55267
98912 31255
27324 53969
33185 13648
14390 31044
46993 89195
88336 17111
73764 25698
27180 48897
73030 48350
68709 93027
98569 8082
78559 40651
95834 33930
20999 90412
43776 60567
83930 83593
61557 17483
41295 36594
30582 6541
67116 11459
69036 2588
47849 72982
92130 29760
50049 31794
28176 13273
6981 11585
33554 91137
47540 10540
67012 13805
43808 37569
13658 74454
39621 99452
40152 99608
33564 43250
36100 10486
59075 41904
91811 23540
28021 27641
79817 73506
16938 46994
19681 65645
3077 16050
3655 13872
94061 60395
89852 643
55147 93797
51099 77278
86219 58711
92909 53025
72906 78112
16811 74046
75160 46043
25006 19975
35712 6863
85836 66013
2907 55812
9560 19603
31640 29122
92631 92726
18119 97899
66117 74051
69771 75619
81290 95193
9108 99408
79376 4687
65283 12572
15109 8029
58682 10030
2660 23902
32112 27576
99536 96127
2381 79167
40463 93718
8463 53929
96634 19762
41658 94934
8764 52595
42137 61238
99016 89782
51249 43091
90667 29382
81407 49833
9148 61472
43558 96383
85618 12005
41251 38857
96582 26384
38818 21769
54684 79378
29101 64951
39609 76841
6094 60639
17622 19314
70690 49223
67828 99639
84025 75796
66921 5851
23704 13411
50931 94998
12202 53190
16361 94497
93375 93064
1480 58855
82558 37748
29657 42990
51819 3563
46973 37779
89995 29847
67201 72129
7735 7888
62754 7495
65743 86767
89092 43888
21886 91255
38749 52610
8040 55643
36775 73957
99229 65652
61575 64078
22188 47415
21889 84852
1999 56318
38721 24217
8659 33758
40235 44043
11456 45826
44560 2280
98618 56897
24128 55273
87188 36309
34762 11700
96761 62250
18528 48892
4614 39502
11679 95880
59993 99557
96251 62112
42779 92812
49651 11536
81372 13388
87287 84726
50711 91104
63494 38978
3960 54459
3254 80423
18649 87597
7426 30020
19652 75345
65672 38202
66560 91405
21278 29168
17442 66402
541 90811
48217 31750
44599 62611
57648 73679
47358 74936
119 81409
4429 44430
99502 32454
52043 82297
30558 97910
6279 27817
31038 49674
14926 19660
52666 46087
6840 97439
39921 22405
99575 94498
1367 99877
75774 48154
28916 4074
94970 12581
61311 26675
18496 67464
67290 49534
64085 32746
13245 63617
78166 5293
84445 25603
89260 29894
20661 49438
61288 91023
11748 68179
12232 48222
54469 66450
53497 27253
20762 31277
29692 91191
35427 78692
8298 75365
14490 68161
10007 79542
16452 98605
75001 97991
15779 94030
41270 21959
55694 59509
16726 47143
79283 71346
30868 56672
15468 39942
66066 52046
95679 58886
36830 28065
17687 95247
37991 33330
92252 43431
62624 60450
23766 46818
31232 58764
41018 95868
83384 74996
26960 64727
95115 85552
54314 66988
81160 44866
77771 40296
45796 10252
13282 65876
3528 42280
2971 60849
9731 17823
81348 23968
5046 30924
56702 54085
30800 12147
90099 88605
29867 89666
74851 18042
12163 82409
17466 11629
59030 23601
44877 99189
78319 71911
57431 49579
71469 83993
29781 39152
3824 24447
82506 70585
4236 68916
84431 50563
61405 20617
58813 91965
20531 52314
86718 97683
13873 28498
40146 5019
7876 68030
4872 8541
50662 86546
47438 60314
61122 21791
60519 45059
84987 87911
65361 23040
77415 59242
45836 37510
49823 55969
25927 36222
31992 73388
88511 72101
23146 54550
73379 52099
99337 87819
66606 11566
66111 36632
40368 20301
72623 63757
67659 1710
62098 30355
6671 25829
38523 93484
93236 3061
62271 59937
10024 65357
9320 47558
32990 59659
9227 1761
87752 81557
16933 492
23671 80817
57275 82846
38421 77956
22008 68849
59800 93528
30652 92988
21111 92843
89179 33149
60879 22527
46691 79457
49997 22374
62877 16890
78499 80381
74828 75893
96044 74103
87916 12928
54847 53010
54698 133
42448 73296
89912 55857
62269 11922
12323 83648
48865 33499
59016 90033
24841 11111
35992 87027
84213 63581
27870 41175
40815 22403
84774 61216
34600 68262
9964 98674
90501 85
75251 55402
94499 39622
84944 82329
92230 81323
35255 93460
27062 8181
13388 79342
88881 75886
60081 37566
73582 24535
24212 91142
77133 53259
78710 76418
52246 37066
21600 22103
8512 34474
2720 23517
64513 29812
30956 58202
74101 39964
51274 38035
76802 84446
61561 84184
37556 64890
98373 68136
30413 44038
21386 48551
44251 70653
77957 55285
42476 61856
41650 10100
95666 79786
8832 78050
10434 17046
26496 57819
19660 30287
16615 80967
34996 48090
56016 2629
20660 45475
19459 25641
33827 52175
68356 94635
41243 8611
7981 3897
57681 25679
25804 76346
48369 67877
43904 99108
37718 63083
76823 79578
97327 26030
17631 31
30911 12698
56769 78467
62753 60373
78821 95717
9256 44303
71545 95949
69505 53888
39578 80912
64775 88746
47521 68410
72689 28546
37930 23507
34181 89118
49837 37525
77819 96456
55602 1581
18544 54416
85860 7271
93793 98028
12636 60377
18387 97768
55158 64121
50920 6467
35745 50090
73341 62391
6501 90157
61735 85639
56030 75667
32522 80540
85906 31368
55653 82939
64572 29463
83698 56886
36736 11230
78889 96853
59065 8457
28322 77284
952 74436
26829 96299
24619 2007
85217 1781
77198 34330
61148 97853
91149 73833
55034 88820
87901 69876
54873 33958
69603 37319
37956 42890
58291 6048
82719 22461
59279 3240
91496 99880
12281 56347
91881 26436
35843 42795
71636 53205
28490 66379
34711 81226
42912 71442
86100 20284
2906 81965
90361 20120
70301 84362
7944 95655
95055 4233
42400 384
59211 54624
72300 59555
66622 57585
21456 81330
12291 44107
71399 45888
24014 60603
27734 52160
30743 32027
58982 96112
4066 86306
5964 57245
73475 62994
8203 34314
25136 32039
13643 334
77736 12497
52416 54483
57371 13833
75600 60398
38479 29128
53665 38554
66717 15745
54797 25298
52366 41165
87172 18287
37217 99962
30159 19890
10779 96490
63933 2670
67222 88700
11127 30947
53311 70531
46771 10051
14252 67484
91817 77019
12636 76450
93246 51827
92653 31607
62197 70134
64648 81957
50644 39739
17694 41050
69692 73923
74578 69595
31153 28101
87757 30389
15570 98536
50057 29193
84922 57237
54398 97485
60497 36721
76201 74769
71381 5601
88703 44834
80705 56873
72962 84514
10838 46649
32068 15120
34390 81748
63187 86724
67335 64364
78289 77117
2548 82210
18285 9283
591 59390
86688 67378
9778 5120
72801 20574
36731 19429
9426 65062
73557 43358
69325 36310
41617 64982
11473 51829
91127 42626
23413 5301
1332 35925
26854 47517
2828 20620
14179 45398
13016 27874
74048 94942
26922 40260
99856 9353
61399 12147
61416 88868
93186 93250
311 53936
81992 60882
52068 72272
31487 12970
52201 80168
72765 66239
95855 96292
95321 11474
28040 83229
74817 68208
60089 26473
50055 95459
30055 86855
98893 45046
17596 33646
84005 14924
22707 30181
97858 9802
71897 51280
2760 98203
5774 97159
77947 1393
72587 60834
1891 69664
41660 69666
21833 88088
68155 68906
9175 61980
82407 21509
5655 3085
24035 72448
97218 21593
35592 89629
33593 23556
9262 78827
46531 31663
57532 82394
39806 21062
10716 30003
54074 83490
84744 86932
5731 1037
19023 14651
55584 89158
69706 33445
94363 62715
3352 79193
6252 41497
6677 71613
17564 22602
16637 10633
69657 7675
19329 74676
38888 41705
7117 35453
30249 68071
63767 4941
19770 79596
39628 80299
93898 58289
3188 56575
94937 7879
64804 97032
4972 31405
47344 22926
223 6159
39972 92470
60754 26796
82679 24825
74298 25738
66193 37151
55348 33896
91279 66585
41717 8044
66651 47238
97716 53139
49658 79366
39117 53460
79794 85416
52241 74801
75268 81390
75161 59041
64003 94596
64513 9756
66366 59050
4514 78979
55461 30325
25948 50622
44100 23244
92126 23768
69583 34956
85159 52926
54518 8756
77544 74203
43461 19206
34326 58776
66991 5050
84831 87787
56678 24056
78839 44054
32228 99365
37919 11728
40513 75669
92130 13671
11252 52201
39060 22292
92792 15953
