1 999999
1 1
500000 999999
999999 999999
3 2
50000 50000
49999 50001
999999 999999
1 200
1800 2000
5000 5999
11001 13000
200000 200999
12801 12999
48800 12999
1 1
9544 2691
6287 9793
5920 9275
6875 4844
4069 5392
8781 6958
5357 8563
9023 2267
1262 2485
3321 3829
3405 7346
601 9454
1913 9092
7554 5165
188 1635
8186 1083
7610 5973
972 9582
8707 1770
9634 7860
1091 8526
636 8653
2566 998
981 5585
9506 6110
2506 1352
6859 9948
2222 2774
9661 5714
1709 547
124 1008
6218 9946
7456 541
5967 3422
70 3128
5897 9275
2394 8222
3693 7435
1195 1636
478 6392
347 3339
3675 1073
3142 6293
8426 1392
3170 7547
406 6987
5225 466
2437 5717
6472 4592
5260 5373
7654 1266
19 6073
7777 8069
9212 3729
1782 8604
4528 4958
6953 3781
697 9010
6796 5548
7620 1668
8927 8065
7107 3053
3162 8434
7668 4605
313 5864
7173 2629
6295 1898
4247 5479
652 9295
6105 3985
7393 5842
3943 2080
8048 7327
1310 4555
3956 222
6330 6443
4457 4506
2666 2051
3176 8305
3857 9813
2119 5517
619 3874
1783 4505
8244 3915
2300 5833
2063 6888
4858 7745
5935 1300
3812 9983
1744 4036
83 6851
8574 4444
2338 3520
6407 9412
205 7166
9057 1947
7089 3178
2549 1346
2388 918
9594 3754
167 925
3564 7905
849 2399
4605 1594
378 9223
4550 4963
1121 7268
285 3520
2135 7394
1671 3996
3449 3717
8704 1336
446 3986
4529 9923
7438 911
141 1099
1877 2692
7698 1451
9843 6179
9006 5205
1224 3704
1306 2097
2666 9910
439 2886
2912 2636
529 178
7042 6891
1924 203
6096 5921
3885 6047
5331 9579
6293 6584
5202 809
8505 2044
5480 9580
7880 7538
4223 679
433 30
6179 3030
827 2789
2390 2508
112 1896
903 3651
2934 4209
9731 6586
4395 6159
7715 7089
920 3811
3997 8509
8297 1728
6551 4619
4664 2630
145 6277
9803 7255
2748 4621
5539 927
449 8169
9482 2832
9068 4557
7277 2541
8557 3558
748 8526
2452 2063
7872 4529
1902 4604
1450 418
4651 2416
9374 8817
2044 3945
6394 9796
1891 8916
8780 8734
5012 9077
7812 7377
5344 6151
2665 7769
3441 6950
5210 2944
51 7395
3954 9767
374 7606
4488 81
8303 9015
8371 3569
4283 4106
9909 707
510 1573
7187 3544
2136 6244
2062 4366
2659 8957
8016 2262
8343 7269
7580 8902
7266 1097
7067 3066
1797 1262
98 999
4426 6154
1846 5932
2695 8748
1285 2869
5059 3285
3716 8070
7299 3252
6600 9638
5457 6466
4981 4885
1495 6250
2068 2013
9865 5238
3557 1895
9899 4684
2745 5918
8602 1830
3810 5031
8181 8472
7570 8557
9282 9470
1821 8565
3376 814
9006 2882
5106 5310
227 7544
1963 5503
4310 3687
5751 8509
3383 5579
803 5436
1802 4593
8516 8466
7245 6619
7439 4833
2721 9239
8962 9682
2331 549
7501 6701
848 232
8411 6780
7316 6834
4776 3507
9837 4988
7765 1829
9277 5385
3316 1342
9748 7819
2911 2
8991 1979
5733 4038
5334 7128
3887 6810
2103 183
2794 269
7909 2504
1434 5147
9550 9503
7980 1812
2553 5529
8022 7011
4723 8100
5856 8460
7709 5983
9882 3473
5956 6704
4024 8240
8679 6957
9840 3826
5373 7741
9937 3394
1025 6020
1225 3766
5712 6401
5404 590
7871 306
7654 655
4062 1941
7667 3945
9541 6374
8055 9833
8070 1144
7341 1082
1054 9140
671 8728
3213 808
2270 4077
64462 778590
203421 336597
596853 485790
65018 67859
131398 659695
836626 768213
537808 444048
437236 677019
469341 673461
189643 34924
300743 709953
196996 756233
679525 87478
264961 488321
294099 136054
620115 820194
809229 962373
138395 559486
585533 852854
340484 232700
60964 216665
821541 957758
440805 241261
581415 559770
430140 866772
522536 226942
758327 606196
720448 743309
231715 942647
685088 121133
667891 504202
258099 826728
112833 47334
885632 204348
553470 456922
630172 752988
726490 804462
981609 733194
500397 305004
622822 26153
91337 185698
202454 431897
145763 138730
130037 237281
15587 194053
929434 560209
291644 573376
584667 522590
799332 813494
424999 770183
631340 455094
417826 357202
348432 75049
771323 206048
44300 207552
425854 996388
455797 626062
759138 809468
959060 572405
839577 900054
289063 337393
560482 601456
302123 656485
584919 988779
254523 538438
763820 791847
614956 948447
307230 695288
657102 945158
473895 434504
893716 490490
839432 225533
276667 663382
741407 483245
822715 82386
750895 449716
288961 223012
171758 100675
860361 824528
470990 616656
670274 828937
746375 536724
865979 646618
895523 429898
875383 946908
265357 880723
407999 891384
190203 340400
697005 197503
539428 770867
876507 729847
237044 685591
774077 6425
598272 908671
199610 952469
555057 161223
218818 858031
772497 541604
348327 684402
877296 89410
383391 370670
867082 524261
877821 478750
268764 529546
615573 687707
108963 798668
20264 667012
462998 776022
657503 354256
237728 910147
84937 662743
924956 178183
913288 756740
180523 511250
167303 717036
528080 304455
285324 752043
77304 943567
734137 938462
972002 135352
752420 72214
159354 701774
181900 99641
6892 350500
386431 326107
760148 978097
904086 376876
473212 720777
281239 734747
913395 936495
310374 248981
959451 13940
795077 96043
302955 585520
894958 724015
556796 566999
318045 224261
53951 312011
255894 553059
798384 863361
589029 864512
798034 389840
185753 131990
882672 906564
888409 138875
148601 292727
340438 100171
388043 972263
274959 250805
301351 109229
130004 964174
791006 713679
202705 50803
999915 259094
748661 795626
596631 971101
691980 517761
383102 986587
983590 833951
635097 48981
853166 691155
188383 518474
646581 148982
708719 815774
438035 318927
345173 768763
776617 810375
771878 527048
926472 431797
438991 347554
303865 749314
58347 452089
72327 813025
782395 603325
338910 227719
256524 525948
596471 729814
631909 144440
426130 179592
917516 240032
55331 956468
925115 469721
253827 571336
834005 623536
133805 731686
579473 608284
184898 824209
200343 610396
780158 708081
503396 868073
611357 666639
629532 913418
55356 969412
757257 154284
49599 495840
686992 769468
202097 286845
613057 761414
16613 224576
360644 890705
495907 871771
545792 507871
525917 349937
560404 417854
9874 502217
659527 450611
693163 306377
632537 180015
131233 71333
763230 822521
943672 992894
632540 523017
635753 619258
477633 897947
991313 68612
493358 693389
876148 145566
389204 408577
203972 339245
990452 154720
177672 187215
948856 934119
293376 117770
755831 30743
247784 83624
216041 598574
466760 94726
770171 42164
801088 51893
407610 236511
959483 971817
470643 341591
852373 236247
17904 726974
452728 606789
940565 496136
555532 172375
523018 456109
877131 672240
712054 278320
196207 454451
565619 964999
896487 606694
654032 5957
467904 993913
269146 122445
60957 411310
142679 390305
322833 529687
420222 481920
803449 254067
575255 832308
135007 549044
844965 3974
651014 873670
957045 548721
963714 987935
337907 673469
622086 283933
694332 353797
410061 843369
52727 279592
521432 319124
81951 300727
775853 969492
363274 598815
935924 401356
88153 541344
641229 385445
110993 126935
544195 631821
900727 471642
627420 416607
785250 850978
529194 382250
750086 37592
675960 635020
233366 806820
791868 666488
969195 313842
317961 579340
373815 936377
909433 118538
335865 454518
230938 523326
385967 37251
105298 129767
261393 372863
839277 462738
518310 51734
781304 383214
652685 932096
247237 112124
280058 308599
342625 968698
60902 839752
569486 757864
874996 234147
873477 387559
543796 133016
508608 580705
739341 381525
514143 261143
234562 977395
264178 312674
723250 999176
347800 675243
977065 176684
54189 7900
496197 977686
884218 551430
960265 937319
891256 659753
957158 668924
37975 285462
11391 784800
655741 595554
541300 182963
322792 358014
868936 956219
665289 314866
5898 626920
128695 176364
12960 405388
520968 881496
684730 695488
590830 797896
372242 56309
157510 13802
722564 183565
343361 501996
965757 41578
586032 955347
449739 185628
736141 463049
465199 782850
899234 130366
936887 668123
938645 720941
403711 690155
671536 354195
723735 127752
68296 297795
50956 885491
6323 20480
118511 915482
870283 626972
678469 366389
999470 931882
871918 301258
562020 728457
310829 436942
657869 480031
495069 330772
775610 757246
426405 998381
173526 663791
727410 70463
634842 656995
52998 913332
809604 779099
719097 366232
697504 975810
765787 200143
107738 424661
780313 717997
89941 985772
476795 777192
613743 950811
972011 708552
655759 741978
12231 867693
353043 558669
348887 165027
527731 119937
877500 768459
987874 493192
229482 532387
391472 107361
608858 621718
188105 552697
566798 976184
147295 531480
584039 433465
787518 640728
212237 316881
421530 169566
957792 702573
869428 239800
758894 166210
779100 621306
782776 287125
877149 976748
971289 408656
693780 791180
448551 276298
919595 952146
846679 311230
87521 256231
86704 54207
661495 653893
337411 921215
601334 119259
840316 794955
133634 19474
422443 958651
239483 18961
915966 187429
468048 927086
890562 272049
422580 385727
753122 145323
347268 377473
728982 227380
947182 734566
874980 116216
181022 218783
506579 880010
836827 97123
262588 922806
674732 288031
966736 132417
164727 996980
250032 162430
317738 932953
919379 46470
787521 334048
949317 627120
21672 679673
683376 453679
54807 473222
309691 809477
753770 107651
343533 831025
20345 659155
824166 978792
76067 845374
774718 856402
441268 130114
368181 941481
931945 354448
486224 684328
42097 785771
203769 613126
58361 767829
906277 505713
877153 313100
345408 523944
962837 259734
236071 964697
706051 3518
957900 405363
310636 209952
567798 252028
974454 135852
976361 971646
141079 120575
202168 128177
887080 540081
273273 37841
931978 376648
520799 719732
767167 499016
433240 38967
557403 239939
332086 486286
686186 219516
17071 285651
278269 403373
994180 937648
463324 12086
112585 432053
327450 965591
141753 742585
581785 738882
183670 309654
84456 661608
17574 590847
361281 447877
499969 464761
571171 532644
479633 317545
536199 485329
836684 754743
709587 929462
919461 661646
982373 148638
584701 964184
855699 462819
430506 786554
899522 701598
245929 640062
182261 356953
431434 706752
823930 985961
979220 125599
608874 715345
664879 456527
81739 927126
361902 972706
130892 702945
464321 954241
65544 627903
115057 86780
398550 420461
976903 564663
870024 133430
428162 40861
781131 144527
479102 82395
910899 372494
352046 676791
244185 531928
161702 59474
855874 316051
925401 899452
484111 923290
327828 597964
626872 209653
261575 651388
272807 299213
751511 135286
140406 999960
795871 268235
896891 265101
62310 91373
770749 444814
528573 87478
832251 561540
108264 894351
833976 816668
808810 389725
900805 900404
546055 569980
874505 334339
560052 342776
771519 146439
96505 675587
985685 82595
984936 905367
172353 87273
195800 820682
42710 519970
172669 304285
431583 341727
20008 979273
969358 865490
952868 618324
110414 479018
105654 84612
974579 814199
916840 272523
866865 891469
611365 978736
591311 669993
938515 171379
885461 97578
407583 196477
728788 975459
450685 710967
475376 357344
135706 398320
637521 28753
521872 78775
871073 169577
68037 189052
950645 348395
379902 442634
121768 993576
394978 593715
699238 93980
337692 183910
336754 456313
393943 359253
152553 14464
998130 345610
777278 201912
724528 845849
395183 970500
865595 693482
982601 2236
812571 886135
356017 15271
373278 863066
267135 759939
689976 26680
461520 521239
192109 147297
972939 888243
830473 227240
542505 259776
495052 767219
63216 17676
470010 329591
597942 903584
605055 477414
134517 593266
132572 201756
295958 407242
319813 152462
703476 791828
422984 390522
880965 761693
182793 376870
461343 538436
933787 940220
837918 304446
250993 534949
200471 708276
378283 78168
769913 637875
73921 80686
318979 278047
642172 196337
327073 620531
513502 553594
472320 31093
256980 162065
698803 221272
755274 438134
285593 688294
402750 684348
135129 837599
181508 644492
504735 815689
206126 274672
875914 990889
423127 359956
163956 475229
662811 757694
900087 666357
658284 570034
459107 530191
693346 82641
170421 107204
378670 747159
512121 511609
366311 784417
988298 125024
132525 370718
438438 978904
206794 410612
440354 541189
632211 975771
249827 319498
420576 505554
901161 460642
739121 460232
197324 854666
461884 255783
372005 568285
518938 232166
987560 299158
300416 789334
988341 994640
279334 656379
171901 590024
691913 993094
409453 414965
473921 814070
431323 196790
455991 305213
645581 386589
491306 877766
640571 607992
454824 267041
762115 666298
280922 130758
510791 193746
794272 254155
631745 209687
282278 334572
711554 938852
349961 536189
644016 100176
5572 756239
216362 78400
381812 362725
997897 295064
862114 311193
773823 310640
85137 222612
301422 636574
575598 27877
250250 808711
457434 413186
989967 807440
437276 615778
149162 683933
79257 182582
104616 912871
707977 409796
645737 687711
855183 864231
69604 37952
129530 964626
853687 523156
319837 852215
406184 59111
374508 790523
548382 573945
624939 646225
862098 748259
114427 244523
772225 174462
942764 5223
543308 924326
799766 447030
10445 994370
722042 860689
5585 305702
964923 603966
347046 554810
405711 888162
575839 518527
855967 36636
412807 324923
465485 748853
609174 80650
303543 32465
767043 667661
684970 81255
231912 623767
100593 82823
394320 199162
407916 113879
589127 325309
97609 647555
432177 10650
258552 830426
857483 682963
342195 265468
112947 626169
176909 896282
366949 759145
436140 429898
2805 44564
627864 438290
46527 451155
903884 767546
756846 102084
994026 809844
400017 259639
693190 562267
7375 398405
478791 478970
498531 497700
845296 712740
134991 184733
2281 940947
233737 956529
466894 622438
778853 306198
335087 270891
66088 822019
171812 652303
282408 325223
575450 342563
886824 754712
183932 684889
904451 30219
31597 87844
323581 185308
575297 617996
755590 166675
384069 347250
458878 681077
538101 336456
323038 238406
854297 193398
973479 187470
884029 56233
647936 440943
54769 931789
845224 299293
807231 887820
78157 516544
228294 821900
145727 262930
785800 308234
761621 589763
378481 549067
694700 449456
818880 643886
672987 229854
196150 541810
180928 172565
146867 983560
284008 215871
947099 290392
318015 219598
105553 414540
724215 620198
938760 110862
205703 680578
566010 895537
764775 75263
691375 45277
18717 589613
987146 226664
