213 218
1331 1441
495 861
16 1059
852 1937
318 1584
221 798
1294 1731
698 1490
772 1187
271 379
1757 1839
875 961
524 829
391 1872
532 1045
192 316
527 1948
1223 1973
1472 1906
419 1976
493 1152
106 1897
467 613
421 726
1084 1233
406 1503
234 1710
20 1043
137 1228
449 1899
796 1766
936 1800
1102 1866
326 1333
1210 1294
57 1749
123 1530
838 1257
796 835
1057 1601
795 945
142 515
441 568
141 322
1737 1771
1110 1596
401 811
188 608
59 1672
1518 1720
101 1262
61 1819
3 1967
362 1564
1342 1927
1032 1923
849 1833
30 1050
1245 1387
332 1851
174 971
463 491
361 522
118 1923
39 714
1454 1808
967 1358
441 467
1168 1982
458 515
1064 1866
894 1799
1033 1137
1265 1952
1561 1645
216 1320
1635 1726
492 878
1159 1785
37 1397
197 1678
831 1094
343 1392
1196 1991
903 1749
899 1335
579 1690
404 775
313 1544
770 1177
45 342
207 1734
149 1641
1319 1656
589 1634
278 600
619 1520
714 1060
1458 1915
321 1403
1320 1889
242 927
743 1837
374 1850
516 1013
29 70
312 1610
458 979
590 1334
837 1098
60 486
1406 1550
986 1590
268 1526
1363 1544
832 1740
498 1852
141 1134
614 965
694 821
1029 1694
792 1638
282 1012
785 1421
1112 1291
721 1034
34 1876
107 1209
21 251
1565 1912
1142 1951
1374 1453
895 991
1037 1652
326 1565
1046 1958
1115 1787
1770 1794
305 424
1041 1656
616 1666
473 623
160 1495
1587 1994
1552 1609
481 1360
1021 1159
687 1156
822 1742
174 1056
271 1540
1310 1830
956 1516
427 603
475 1844
545 1803
379 1591
515 1881
345 1073
393 1946
135 502
155 274
705 1902
1045 1700
281 1191
46 1897
1547 1570
189 265
897 1761
821 1481
828 1410
994 1033
1058 1504
1209 1966
208 1903
1103 1360
990 1169
1205 1220
151 484
32 613
974 1676
163 355
632 1666
714 954
118 449
176 1749
70 1875
135 1266
236 750
1205 1605
418 482
972 1292
197 1435
1141 1647
459 1256
518 1189
1768 1875
677 936
929 1861
707 1724
485 1456
320 367
136 1334
1164 1442
378 845
412 1522
377 429
1167 1449
541 1636
154 692
339 424
1436 1868
318 818
49 1270
112 1924
141 546
514 1707
393 810
1486 1860
516 1760
4 215
201 1670
44 52
1732 1933
1554 1908
959 1078
277 657
1593 1921
605 671
297 882
471 1226
937 980
301 1939
1006 1326
543 1137
622 1858
516 950
583 670
1799 1923
237 1344
197 1482
947 1726
830 1250
331 668
1428 1787
301 1971
688 1344
896 1628
997 1457
151 1177
462 1234
16 772
1071 1825
22 1925
1084 1551
462 1402
855 1169
508 1972
246 274
545 1094
1545 1657
1482 1601
361 1843
145 155
788 1733
32 1871
908 1847
570 939
1281 1462
150 1744
380 585
46 802
483 1840
831 1041
197 1594
297 890
1676 1781
1099 1739
1479 1711
167 1778
206 344
1039 1985
1060 1782
1210 1809
709 1964
238 1589
781 788
464 1221
412 1678
1460 1831
889 1008
1634 1661
4 1436
1034 1488
263 1596
1734 1743
230 431
423 917
1016 1210
1308 1590
1068 1094
672 1679
561 1768
573 1775
582 1682
415 1833
1238 1487
508 721
489 545
207 1412
1335 1472
980 1687
1873 1921
708 1868
276 710
920 1971
1016 1502
1316 1370
1361 1693
586 894
66 1886
1877 1926
162 1929
228 1620
1113 1182
1200 1490
1085 1189
114 790
1593 1945
375 747
545 1559
735 940
782 1363
608 1449
507 531
519 1245
291 1128
197 374
923 1859
816 1009
693 1541
290 1576
307 1608
188 1998
212 989
1241 1794
169 1002
378 1858
732 1533
955 1293
1049 1147
402 1295
619 1103
573 1884
434 1942
241 660
1563 1978
1576 1643
836 1887
832 1196
461 1310
1083 1322
517 1770
1201 1744
33 569
144 446
24 947
997 1193
738 918
225 574
229 308
945 1514
682 1239
1671 1983
595 903
297 794
1329 1735
898 1381
494 1726
809 1896
539 777
42 1448
169 1320
1484 1585
1298 1942
240 1512
1663 1670
67 1019
1263 1289
1517 1749
564 1788
909 1680
96 1968
727 1789
672 1356
125 991
389 522
1430 1851
520 841
719 1055
314 986
343 1133
53 1797
83 1288
63 1501
1188 1678
309 1332
333 1084
121 1250
321 1473
772 1535
546 1894
136 392
110 928
170 319
524 1947
86 559
167 1739
115 1417
463 1744
78 707
589 1235
565 842
19 389
786 1408
1635 1653
19 1209
438 1295
386 870
1408 1416
546 1586
1606 1789
903 1667
325 1924
113 244
249 1327
522 1022
260 1434
1020 1772
1135 1208
985 1002
852 972
684 858
1356 1733
482 1589
155 485
825 1528
92 1434
312 1985
87 1948
798 890
1049 1646
26 171
943 1258
1198 1482
1495 1505
49 1743
1319 1428
76 1648
105 1183
743 1336
419 701
594 611
792 1448
773 1919
184 1566
222 1477
1021 1232
1378 1394
551 1868
1138 1976
936 1117
62 1801
787 1622
327 1283
911 1074
847 1692
31 1379
53 1149
157 1989
150 1445
531 1088
91 1894
562 955
1270 1319
523 774
1042 1612
923 1726
1031 1056
263 1774
556 996
1364 1677
794 1513
788 834
1575 1655
190 553
490 580
101 975
191 439
1074 1090
60 1079
1052 1878
229 315
1005 1450
929 1120
26 751
257 1670
1558 1988
292 1307
412 671
545 1103
1571 1602
685 1836
302 345
509 838
10 1229
90 763
1406 1979
513 691
138 1717
1452 1572
1279 1732
1698 1796
564 1986
932 970
886 900
1055 1368
153 1129
238 1014
1437 1914
253 798
634 1039
1139 1184
484 945
1152 1893
193 1493
114 1192
1793 1860
1460 1567
53 858
392 794
137 1070
1059 1936
219 508
646 1722
250 1225
1890 1956
22 689
1050 1869
151 465
37 1044
1289 1463
608 1316
346 1271
1347 1714
437 676
402 1682
496 708
449 1324
613 976
643 1915
1093 1351
174 1954
1002 1863
439 1625
1276 1929
959 1278
897 1021
194 344
1362 1392
233 1208
111 681
557 808
267 1693
515 1558
328 1729
697 1934
53 1269
646 728
317 1187
1443 1779
112 1607
276 474
135 1111
94 641
88 474
598 1837
192 1196
910 1848
669 784
247 304
645 1986
1377 1618
796 1838
617 1613
244 1083
371 693
71 1066
904 941
637 686
1274 1470
462 1374
25 567
1203 1386
1116 1609
1034 1448
335 921
1308 1937
156 225
262 519
355 776
1263 1870
1131 1414
424 1603
934 1532
333 1904
489 1272
429 1877
1173 1329
831 1836
957 1310
201 764
1878 1924
341 384
985 1835
501 525
581 1026
167 430
286 1198
919 1030
267 1506
384 752
1288 1734
74 655
160 516
906 1434
610 1413
637 1699
1449 1946
266 1163
1612 1961
1218 1891
668 1963
390 1555
735 1450
912 1680
335 708
1521 1961
436 1474
349 723
34 958
867 1531
1869 1887
589 1574
579 1265
835 864
935 1891
1293 1865
530 1683
800 1862
643 1407
126 1504
1150 1774
872 1901
620 1805
707 1203
336 1748
1195 1762
102 285
1779 1932
790 1450
646 1446
202 819
656 1073
921 1122
64 1246
260 1964
760 1036
926 963
172 195
321 1537
719 1402
701 1953
40 1423
1332 1904
1398 1669
1439 1908
823 1729
468 1483
236 1582
78 324
49 1420
925 1722
1298 1382
899 1665
2 1816
894 1762
258 492
1405 1901
68 654
887 1746
373 1539
1164 1718
101 1215
1506 1586
841 1381
897 1157
158 317
249 1234
249 394
279 940
1585 1717
274 337
973 1432
363 1551
260 1771
250 885
50 750
247 1556
395 631
819 1945
1691 1900
86 1714
103 1602
171 1808
486 694
1056 1946
1414 1857
237 1839
415 679
774 1065
204 579
917 1409
652 1067
712 1152
632 1966
353 682
329 1298
1644 1689
1396 1874
319 1288
101 1278
35 734
1121 1708
843 1307
349 1513
561 894
414 856
753 1553
918 1110
459 1666
987 1496
1137 1375
622 1713
605 723
47 335
685 1295
273 1129
1499 1575
955 1371
298 465
251 668
1141 1426
873 997
531 641
401 822
171 1197
62 1901
1519 1685
643 993
594 957
1604 1923
439 1361
147 1503
310 1579
181 865
539 1950
1212 1945
643 1987
476 1803
1836 1963
148 947
961 1786
597 1128
550 590
47 1994
1443 1560
379 548
882 1391
226 1572
326 688
300 1164
103 1980
541 1532
1026 1806
409 1617
579 1346
1000 1507
198 268
1611 1831
433 468
666 1442
1639 1662
1562 1843
109 487
483 986
687 1562
555 971
443 1033
1587 1751
1309 1455
90 777
1262 1839
448 1445
914 1387
857 1472
326 1360
1046 1274
427 1506
1460 1791
1406 1942
1527 1675
273 719
1113 1383
730 1593
625 1544
1347 1944
352 1077
