1 1
2 2
3 4
1 10
100 200
201 210
900 1000
6 54
60 98
29 91
28 77
88 99
100 7
72 80
87 64
65 38
22 28
11 82
76 65
61 2
15 18
3 25
30 80
40 48
17 59
20 24
76 86
53 76
94 16
47 63
29 100
16 8
71 59
7 13
15 6
44 75
53 99
41 75
27 45
61 74
75 72
13 74
37 34
81 29
55 94
92 97
35 50
88 71
58 60
58 25
9 27
72 47
8 7
10 24
24 91
90 6
38 3
89 87
56 70
62 47
1 90
60 56
36 21
16 41
47 43
84 30
51 63
3 8
20 92
44 3
68 32
99 22
44 10
57 55
3 97
92 88
86 63
96 50
97 16
3 29
88 1
73 5
19 37
49 24
51 55
77 33
57 52
55 83
91 78
28 26
72 17
50 73
50 54
89 24
64 58
47 37
89 72
32 72
24 70
99 99
78 42
45 75
4 36
90 99
64 34
94 39
34 54
34 96
97 98
13 50
33 43
90 70
86 79
95 42
14 8
10 7
14 38
92 35
5 40
65 50
38 34
43 6
52 6
9 20
19 94
8 21
41 2
25 47
8 60
55 80
60 66
81 33
83 18
74 85
38 34
32 40
8 79
44 51
81 86
59 53
71 13
96 69
77 51
69 7
43 89
29 91
54 45
29 4
92 71
1 33
46 14
17 45
5 90
34 57
92 20
61 76
91 43
99 54
76 15
14 37
27 29
28 54
67 6
21 33
50 83
78 48
95 29
33 16
87 60
94 55
50 74
38 97
40 10
32 76
27 89
31 25
62 68
3 50
34 19
49 84
47 41
61 50
58 82
19 100
63 61
49 82
71 34
71 18
26 5
26 74
89 62
46 21
32 56
61 73
5 24
38 51
74 9
26 47
81 50
32 76
43 14
54 68
43 54
50 18
44 72
99 57
89 4
201 805
224 567
820 832
869 690
70 458
376 843
432 322
248 671
622 340
482 932
77 995
273 455
710 81
881 746
227 114
503 388
580 650
961 976
306 949
4 837
121 281
583 732
274 970
107 948
684 510
808 614
671 188
850 186
358 539
428 34
931 401
877 947
364 437
604 153
57 582
129 967
652 221
215 328
667 408
651 40
375 18
514 109
399 354
484 772
230 597
339 633
858 442
808 522
98 607
656 188
874 541
118 928
435 191
709 871
830 166
134 937
398 699
67 513
77 202
990 908
577 354
630 839
400 681
527 193
440 866
439 557
704 299
777 574
99 385
9 195
521 217
844 4
291 969
706 670
836 544
306 675
419 922
445 681
138 413
207 536
782 584
670 494
950 944
196 773
272 615
501 129
277 372
685 822
924 331
299 881
475 355
89 262
421 94
701 134
779 966
514 405
950 604
957 836
181 110
850 884
463 619
812 731
356 340
256 778
755 745
314 202
791 938
493 825
118 711
757 756
222 43
427 42
738 775
619 97
50 403
242 334
644 955
544 779
160 385
624 129
716 231
839 492
338 73
549 480
535 819
230 405
519 822
370 116
30 819
78 876
971 511
523 75
873 685
552 6468
6161 2268
5392 7853
92 3135
2854 2110
8871 4732
8097 2414
641 706
4460 6619
2655 5469
9109 5787
4955 1206
7044 4698
7163 674
9022 7918
9505 4805
6480 5589
7221 2121
656 8124
3633 9701
3414 2350
7704 6933
976 7224
2974 8445
6275 5361
5013 4258
8461 9457
242 2443
5850 7054
1452 8228
2164 7192
7575 4396
401 6403
4546 3348
5272 8920
8250 4203
9525 2730
1802 3314
4775 638
4023 9650
8697 8439
2574 6452
41 816
6124 4944
1373 305
6030 3975
6370 936
55 91
80 926
953 6032
8505 3107
4249 4624
9773 6315
1338 4880
23 8532
2064 4385
3876 7368
8683 5650
5772 2673
1290 5312
6426 4741
6945 4334
9740 3890
2544 8107
5373 4931
5021 5544
8384 7748
8215 3621
595 8851
4306 8511
2299 7409
3699 7218
7644 7340
1590 9191
1280 6864
6084 336
1830 7249
8973 1624
216 6368
9368 8262
9124 5502
9199 8185
7 4280
3234 2594
5620 2685
2318 8544
1546 6403
5796 5152
3826 8328
9147 9341
1504 5458
2628 6149
4693 5615
5714 4738
8245 990
9697 2944
1369 2607
7156 3668
2157 8039
2527 3999
5152 85
6817 8098
823 3506
4077 3029
615 9887
9108 9767
8058 1643
8208 9226
2163 8190
7810 180
548 5519
2590 4942
6877 9672
2350 4113
8717 5804
9031 645
9377 3526
3054 2967
893 1755
9714 9620
2691 9499
7168 3896
7178 3917
3412 9991
328 9430
2962 2559
8481 1046
5637 5000
7446 8555
7643 8192
2220 6332
5429 3070
7934 720
1811 5667
5887 8540
2273 8389
9089 3389
1726 5445
6255 8941
4261 5589
4817 6226
417 7568
8237 7685
6626 2835
7095 5757
3234 9811
8841 1307
6301 3988
355 1752
5592 4497
3498 9694
9835 8455
6531 5269
7972 6735
767 1598
4637 2676
2444 5828
8020 1599
8161 9498
3027 1602
3872 792
4691 6111
126 7930
7845 4592
9866 4417
3386 8718
8240 4185
8965 8156
8794 8207
2959 7059
475 9603
5235 64
6129 4960
2959 1563
6891 9530
4473 5939
8452 241
1643 1107
7091 3483
3165 1477
7123 6461
4193 3446
8505 3667
6376 7147
5103 1652
8838 9708
1605 7392
500 6340
6365 1683
2547 8549
6383 2712
4463 7340
5009 1239
9113 848
8039 3337
8906 2515
5478 459
2158 8420
5635 4883
4866 3410
8560 6085
8009 1729
8730 7146
914 4347
7977 7734
2510 7488
7384 551
6589 2838
743 4663
2061 2482
6540 17
6437 6499
5098 5022
4638 5075
1624 1752
9691 5944
9338 4206
8825 4259
4125 3468
3324 8727
2748 4990
687 2207
2522 5393
1400 3275
7948 7832
886 8434
2341 9632
8373 9872
3410 9419
865 6658
12 1945
2077 7673
3658 6735
5780 9913
8286 3447
2643 1966
9523 7573
772 9451
5195 6151
6618 3659
8945 7189
8939 2972
9230 4734
1037 7684
4299 2617
6282 6615
2469 6448
6407 755
611 6829
4945 9466
6231 9633
3225 2877
6386 995
4931 6238
5723 2227
6039 5489
7368 8902
2357 2553
1117 808
2105 4513
3643 6880
4780 4342
1699 3383
5165 7549
177 5848
1170 5446
1380 7343
8492 8450
2909 9035
5712 6004
3472 7230
4102 244
5596 1261
279 5446
9816 4801
4211 8926
9344 7064
3080 7874
1311 9389
999 9512
907 5873
8238 7351
5103 8505
5642 450
1616 4756
1045 1854
4769 4484
4793 2465
6449 4224
4036 1536
5891 6418
6727 5546
8570 825
3983 5511
1113 2374
5363 6113
8104 7446
9611 5117
6272 1611
7245 4355
1307 4339
488 53
5397 1585
7745 2316
2867 4007
8384 6265
7329 5160
4388 150
7070 2240
5126 4586
9392 5697
8630 3213
4623 606
7252 3005
7656 1332
134 4080
8108 2094
996 6077
351 1875
5979 2737
1125 8433
8497 6145
4997 60
8897 3567
4403 3698
2070 2188
7062 6151
3378 2983
5153 4497
507 1322
7965 6666
3724 8839
8975 4811
8109 6588
6012 2046
9954 9888
6599 2006
6541 5942
7429 4941
958 3333
725 5090
3435 1880
284 9926
7514 5797
2248 8497
3657 8759
2703 6813
4632 1585
4995 4492
7543 3403
733 3901
2694 393
783 6584
4499 732
8339 9371
3635 1907
7409 9783
2022 3781
7026 6926
3311 8166
9485 5842
3460 9835
7833 7970
7470 7168
789 3813
1127 4398
2081 9714
5375 9538
8876 237
4019 6235
1268 2598
7172 8003
5372 1392
7783 1740
2377 8868
7720 7682
1221 5189
442 299
238 1304
6401 9329
9245 686
6139 5663
4986 7247
745 7673
1721 2465
3481 1254
1988 6993
9766 1596
3225 817
57 8286
8569 1194
4463 1470
5755 4784
2872 3532
1201 4065
3099 2724
3980 2787
2777 9028
1174 9616
6109 7497
3355 264
14 5250
2403 6213
1478 6932
7174 8303
8403 4293
9871 981
5533 702
8469 4135
6635 4913
5793 3685
3627 5989
2618 9379
2140 1380
6288 1333
9027 1880
6841 4934
12 4539
3946 3640
5120 4342
2631 9771
7646 603
9354 5913
4147 6017
2632 7925
930 7763
2230 9552
1617 5551
7061 6422
566 1917
5207 6552
1149 7485
7055 8765
8581 3835
9538 9598
4685 5263
423 4854
4008 6934
3577 7955
8500 9648
6000 5161
8719 5277
3700 5986
3998 2625
4184 9614
8268 4397
7815 1917
1254 8137
1779 6712
9357 8583
5457 594
6305 7610
6999 1187
2543 9374
9528 4433
5747 647
1257 8168
5267 9910
1389 8377
8366 5788
7747 9499
993 9606
9016 1626
1900 8013
6288 4628
4740 9112
8126 49
1023 7987
6401 2282
6997 8173
59 1108
4733 4217
4887 2395
7264 2255
645 4408
7535 1692
3820 1146
644 7495
3396 3291
5397 1740
5387 5021
7661 2162
2139 555
2196 983
5541 3542
9310 1525
4052 9121
4594 129
8752 9563
183 3989
5558 9371
4628 8834
1988 7925
3355 3892
914 884
7382 3148
3609 460
6502 2068
3920 3588
4311 3588
3029 2478
7251 3335
4307 9902
9373 8132
8536 138
9428 9439
5066 7794
3838 9439
4994 4302
525 7342
3657 2367
5456 141
8801 7383
5419 1482
3196 4822
771 1626
499 1957
8749 8179
3486 1276
1843 2989
5092 1888
5675 5271
1421 5746
2141 1438
5385 445
2769 9254
734 1568
4293 4625
9771 7176
4644 2317
8107 1068
7777 4163
7790 5696
6058 2162
712 8878
6932 7412
7840 3689
3865 7637
5081 8986
3642 8090
1861 9178
5137 4952
2681 6672
6681 7155
5645 2035
6061 8688
1207 9444
102 3408
1478 1703
1674 5706
5804 3462
839 6917
6316 678
5037 6048
2584 8821
3494 2622
8119 3269
9222 2418
9005 9183
6673 5731
7237 4680
3413 1963
972 8890
4114 2424
5283 6478
5022 5904
8259 1661
91939 435072
470165 571393
12675 354376
21316 245042
438435 644539
380425 622646
908396 881801
825255 853230
487718 761471
565614 656087
381438 825787
432046 294282
370041 420180
92441 353530
962030 999026
146677 13863
671954 687554
785365 900252
62372 298951
44215 196071
492324 331991
883826 597561
638220 526333
414574 301803
187826 729971
12068 983557
162592 786652
228381 732426
384711 916493
332002 965517
453209 775210
678149 324541
919169 881839
923881 516158
942230 312299
770904 559286
680821 347379
322126 465883
589097 941090
397330 896443
679432 700257
31473 108626
209954 975772
61837 162845
496132 880902
949040 405796
720005 991736
459146 688530
646087 828256
779227 161570
33335 468303
496062 110683
715739 107977
431182 99616
149249 538255
914021 545911
771102 964208
998027 349002
559143 808074
492388 874287
652662 557004
859357 946749
953786 962788
590343 189117
843823 526535
591053 30615
223375 951699
308241 261996
916974 279117
381646 425843
828941 678818
412747 715333
343973 760954
536990 832854
429401 960566
395824 115500
906574 572928
607536 293205
343252 200431
387205 967684
936485 783944
774718 612577
946304 191980
684960 180311
278789 377728
52666 579143
601780 438423
666888 635633
608417 810537
798558 432136
264594 921849
218376 984305
377662 463738
963006 472277
795053 242741
970405 355240
980584 721256
683627 755924
761855 59073
197324 856165
