175316 608156
50973 928041
208744 411839
979555 420326
648307 117776
827356 57373
289414 786638
359857 386068
649076 360227
669647 436072
28531 676412
177482 110353
151457 7135
206786 950364
577549 307274
292052 945940
501623 757766
225096 581216
714131 702193
760965 333684
454196 964712
50371 533596
685283 94707
902532 541821
783752 28593
791273 562264
424336 410894
579769 850010
451499 430900
838552 797193
340396 48949
25068 717085
926826 871608
615562 209522
769925 892232
14071 523029
355415 611858
512150 61433
947697 327020
93568 249799
31639 321989
887668 65489
938700 243319
791429 124003
645632 978467
502050 161693
18171 324064
605472 894394
792778 30140
465069 80459
707415 258086
888439 880765
15796 615874
19333 119793
936098 91059
925073 599497
122532 500285
898472 382882
277146 549766
336207 843080
819879 413264
759028 26708
223294 450147
646143 527298
536287 784552
723467 108458
138311 103818
553110 454261
407676 69220
123547 184622
385715 430467
853719 418493
824440 114537
496015 369857
958434 760615
46174 164641
283164 106369
487797 13068
458338 563456
90028 613696
190099 572221
388606 239882
664432 397226
128159 97052
488519 175335
932778 85723
644324 854345
500430 794313
965738 347457
778345 143579
430150 455958
575111 813438
440536 483497
537487 560920
99819 227578
426764 178306
964241 52205
568667 978488
617938 706776
594375 28136
242525 523053
85726 488631
488286 174796
18131 430916
138415 175392
875100 842765
411215 100265
269856 843668
517205 273437
54136 783289
222562 271428
793498 846236
883898 691509
406360 925350
961240 600810
505725 906122
137529 913639
975593 467739
336310 156809
853475 918664
852041 853806
792398 850025
858913 501631
774964 999624
228315 496850
550182 376277
470133 154306
39947 238575
393078 866424
119577 575382
499826 938891
725358 926494
43549 509967
676920 723495
175496 83044
562646 640838
728174 824889
291724 977383
945166 634257
478924 918190
160766 294043
911126 507632
898214 723041
729968 676368
53969 646557
495281 584857
951588 953741
993331 672193
415291 256606
100384 583957
834341 177573
806118 156431
322993 473845
744998 457038
540209 743433
564856 460878
3950 509682
42772 972691
432635 134719
155500 813314
179723 873612
917066 931841
302898 951140
833476 398570
861290 200539
93080 300464
2185 763435
51565 812383
239147 847565
363021 935523
807062 358945
290887 160283
393328 839522
647564 990182
252853 223582
852893 230328
813875 15390
622631 605214
639805 661378
570215 761862
647436 523965
847208 80695
193500 696163
320343 304634
498742 290073
623365 711603
833713 248306
873571 581018
871988 971125
96850 692959
745158 788028
921884 560688
771191 920491
732935 256275
320242 469374
170478 577457
299465 306794
175838 959759
996682 964159
14849 470012
610503 578407
107120 544466
654856 332831
495521 865436
741922 76233
316789 819861
710737 906570
404044 95483
144281 797300
644535 196761
719785 32818
239427 975155
766591 987672
447333 336097
843070 51732
11436 174466
811412 50602
301912 830004
562561 287879
973083 88072
545216 723458
275402 875524
459717 204409
63674 600341
323990 894588
687596 153163
669866 442295
992578 795284
818825 817604
160359 95863
205329 97401
702848 440008
76078 118886
54993 378568
406863 798075
728963 814511
158517 3297
578874 156364
430318 857979
485065 532277
176322 170830
437021 418491
694229 586106
415598 274083
942811 719780
846945 358371
878316 754681
417928 209187
677577 184195
940541 18496
172613 165740
652650 82967
607134 820898
291210 230118
923141 455858
120593 945888
190548 598887
847028 928938
542337 581017
311664 774497
122117 917201
148297 118005
202859 181223
987962 400043
126100 702897
543336 809726
14749 483860
989954 547476
693215 502833
871114 89732
199848 352167
178977 175068
961553 480785
775864 125884
843774 551259
560665 957673
865415 812903
44705 850294
89586 718601
853078 716204
868146 429619
291611 484844
920106 267239
612862 783048
518154 139773
410911 302274
551088 900851
698182 993348
764099 569377
221226 980327
135825 694693
798274 432156
96119 575844
716747 666824
950004 367869
53249 687832
65262 824880
232584 395371
461712 253856
895799 288145
500023 459739
749975 445891
137989 269944
704849 779423
499851 260963
107800 795551
616282 146026
942307 480713
325061 661229
338956 575050
799880 136305
729707 393577
658442 131029
95881 300779
940005 395529
854433 436090
843594 522464
544061 797029
362225 108139
480089 811943
548270 600254
67174 107331
482039 934623
62014 95483
139449 944539
917438 286739
821291 457078
786718 101773
952762 985859
337244 709774
682716 325526
866357 484613
955006 586665
274605 778804
967030 87403
24168 510088
312066 869411
45425 121022
181742 967854
315363 382779
783148 141781
336528 150186
721544 37602
621872 296771
144955 15677
932315 811266
734653 69024
580291 760237
186659 244586
378600 558711
720266 475104
410009 843624
327498 322490
898871 369039
852197 104008
742432 4461
320709 811593
494708 173005
969 131434
140111 62851
638041 817213
637786 944157
796543 215673
713623 852908
97387 145871
174027 640657
353925 725009
807307 365991
739488 919480
340600 864089
444069 219232
453462 484303
748411 324567
782119 518578
269593 91062
561300 523537
438475 915361
90570 459874
821751 122484
456586 184628
660619 159846
51628 863543
43861 305401
730325 832049
239290 238860
6472 439378
700210 540563
574798 992208
900566 495935
269072 579826
527804 51683
689284 343924
202073 83646
376554 469860
380188 691470
162010 228452
890498 660104
949401 719935
733690 540826
320792 390431
992682 150356
377614 854458
958471 16920
198869 793530
345695 219554
191184 263910
616446 265715
93019 963054
995356 76592
87983 827032
112446 527772
857435 676110
214747 51010
170201 113035
822279 898064
905119 199882
894050 795373
133424 435
363203 292940
12577 396852
568912 924434
218579 417825
976096 904786
372658 91314
385253 305530
181848 442883
792791 406951
521745 356660
574526 136195
840821 305895
642362 3757
41364 883942
836282 791680
736737 189631
621270 172567
557630 758369
27943 832993
689817 848391
92771 454300
34477 226286
612619 526263
792063 494647
562462 155458
103782 641502
647753 73873
866201 401920
343336 636315
413070 196075
170007 213988
501595 126099
104705 579223
51486 980782
615108 26041
335232 614869
629800 360916
686347 180013
939107 163715
901118 382020
57236 960458
109815 262558
54100 204665
854047 427373
148880 762794
230270 260560
886947 719750
712512 323069
491846 113832
934578 180764
626813 21872
727202 22678
212588 161985
490892 907487
540507 859827
595015 281920
483854 475078
285079 281801
384952 35046
791279 957455
764480 882715
582087 214764
654509 129817
874530 90699
29054 625963
109079 326453
76393 346187
623708 187432
532082 744017
138021 882414
551629 768589
437579 683081
102286 347088
998662 677597
370503 829119
146318 185734
41 964497
593489 701984
924868 191637
446657 948978
738062 196398
255335 737695
502480 862632
585097 931680
452714 607502
939662 383085
782802 496443
430818 821652
578913 14489
25290 542080
41322 689440
432780 722110
362522 434961
132552 511814
930566 286138
567222 958099
250896 86800
960643 890316
662232 112248
977084 846325
191735 723936
442932 328168
705286 977027
969449 102987
598785 525672
172646 700516
826224 626645
393624 620346
339648 381011
401546 127545
299582 48896
455310 452815
927619 873700
650725 837565
426796 785823
260404 359442
308878 401130
223476 424440
837238 647145
569277 826386
341125 717509
571958 12310
600596 783662
716247 330295
140551 859874
647980 31297
204876 452642
677251 857728
200135 981163
757010 814608
316782 732556
216696 721722
755823 155338
850850 558930
298572 298990
440050 233060
463641 34968
87355 337210
167505 627164
118294 384823
80585 691778
723248 442794
509238 617387
861028 470502
578893 193346
754470 393036
727020 251822
262056 599794
745239 474738
425768 539875
98306 667428
235892 916462
776182 934003
260812 173954
509231 698591
105997 686527
854129 852407
558391 855723
403692 224411
829021 886472
768284 546601
323681 709082
581423 840287
696257 510259
441303 955639
566335 151629
965136 698669
203375 487653
58063 257565
828266 608656
107769 906504
79967 66939
843800 414819
786113 728167
229964 817399
98555 791516
422575 911258
695608 149859
32104 888851
330392 400555
590174 367949
807201 388707
863623 206254
653106 882589
384653 97031
397906 142539
415295 919339
865361 677892
839085 474231
142148 760887
730868 915094
471110 576855
899424 187581
335841 76217
971843 434937
327912 459387
574344 760535
71685 491384
157736 516314
622760 581967
855112 830113
648439 922373
156667 271391
389577 413356
722478 274467
296076 651478
973830 916965
37887 438387
872036 394871
471903 737011
297482 391811
798762 36720
742108 666930
72565 419999
973592 957555
436820 832516
253805 516863
521235 619082
524529 918480
468019 595129
715139 368486
816865 741193
593827 108258
704897 944689
571258 853836
979244 217113
563915 616299
189515 564068
331969 147038
991229 398190
945671 498480
87392 78247
248217 423872
797916 689707
739482 229837
523215 857675
774136 784906
155300 682986
923470 245817
869307 347969
419250 584854
815609 298176
233853 906418
979951 538494
372349 603969
430899 78008
16843 450461
679623 845813
422922 558129
437193 305357
315007 26558
698742 79481
871226 780300
713401 742400
171008 333703
976359 851192
8941 897109
367033 371586
689954 216574
492058 698796
860175 736363
967212 902024
785955 887253
208584 143254
880253 761803
677971 756469
62670 907992
463849 939882
785178 697619
954074 271148
645971 668454
993715 255311
927035 829825
337321 472323
702342 981630
372400 102246
198622 866066
958540 144081
328994 990372
857719 701718
6242 940335
814770 413814
563928 405277
459044 487083
16721 238256
523553 288030
333519 383274
160035 734036
152261 807369
970703 373420
451724 292908
861107 258223
891268 75991
937167 596976
385094 727352
357251 36708
241557 751567
966182 363337
515888 711528
643440 600897
670372 573205
388295 862947
55408 806430
816505 957554
223389 41461
3194 867335
102520 549665
795296 953404
789210 794389
962600 392830
968799 386802
181172 183131
682016 125352
207069 642083
30670 991218
721004 234946
810420 869633
668840 741832
775434 241577
20927 643314
192360 803141
458297 905292
105270 736386
594874 575857
921700 383464
524041 204701
815134 840825
28366 926151
840227 714474
72560 365327
499663 500865
997843 849084
131976 296448
515578 632163
231928 104699
202568 546965
699016 974263
201858 808853
753081 955867
790440 968960
303639 945079
661137 896548
769980 38183
542120 515077
627935 687020
4274 341786
928370 688287
607140 807051
811936 117445
795496 755689
100425 521937
30187 70601
544908 79032
742645 148174
497467 474567
853083 328499
827889 18807
639766 277682
102762 124910
483066 340220
272407 733893
310516 286960
561223 996438
691752 897343
767520 47509
404008 966147
38917 556890
795034 895696
371097 324366
953034 861433
989134 895626
332167 626530
6079 334015
477052 137180
238744 802886
580719 166946
239925 35436
4111 250922
945877 848725
646356 522080
258226 565501
354341 303931
566803 437380
185234 170589
6349 939638
142750 703717
665980 530410
986613 52055
474922 635958
79189 321938
737540 629861
515036 836063
577745 505113
786848 93603
670079 269329
476823 157703
379433 412623
196249 450724
110439 410796
229358 462622
173066 961528
350256 834305
400007 820562
868192 956292
456927 558816
205021 563751
654136 3189
78859 459386
471462 187151
587112 546069
509513 76212
857599 892103
681196 625162
363551 944662
286017 727159
909338 18396
121512 526319
573642 233463
689259 882950
73593 666414
34204 863387
187273 500786
623400 906948
304154 894233
38034 952233
186036 350227
736466 36951
368266 119333
574905 307823
277096 359853
275492 445946
9245 646522
454565 562235
946106 819099
720663 247038
905857 343521
925925 137363
789419 981526
144908 791619
226072 538102
609471 62737
216978 763531
860871 524460
682919 433163
90917 560338
689182 311325
70713 792430
88046 816699
137089 870754
232434 307988
38912 586037
774858 87453
111753 679733
632938 965003
309285 711701
639924 913638
994121 241719
940983 110857
984555 115851
415666 282060
889272 447838
867445 391798
994840 367041
944395 442121
841523 725744
169784 632449
205198 490157
519811 428169
43876 769912
172529 234360
143219 260933
816995 260590
599860 40605
512330 799360
989302 138047
896230 588036
573616 77143
301583 36101
272117 251450
89071 115074
364111 311039
70994 569683
804437 239945
1767 736593
640016 71873
473206 801999
878470 454452
724300 155124
959998 960815
468792 677939
868280 91937
462933 634896
383697 158379
303265 990375
938868 241810
599066 249504
810473 717401
872980 628900
442152 579661
297946 807608
130789 582021
814092 719914
307148 126310
79714 800539
172816 603649
289867 710299
918179 653645
545882 164108
286674 542379
95420 528142
266537 144334
278039 83349
355220 887609
510699 878467
15312 195830
81675 623691
817738 629349
175972 563967
228015 407311
370451 459896
410110 399460
633890 101422
42929 952357
575443 869345
562044 654124
786206 521581
536206 405129
840095 789373
949518 369765
546551 820900
556127 117536
879384 450696
400530 378742
88801 833840
694233 585837
471651 644069
961294 710224
950514 571855
912051 366611
148695 833900
9698 436840
549127 352282
326409 934551
848962 991770
326943 44542
289756 221947
25504 484908
296078 297666
413902 343672
264377 948376
795422 413999
626941 748992
862535 864233
905217 340909
342641 599316
611334 583311
471572 62918
577449 440475
942266 660173
709146 792271
405475 788211
671549 447743
605674 835068
967457 587912
508512 883897
202587 994346
640039 577963
890851 908323
965062 300325
444146 526128
481207 77963
160994 401727
331071 926196
667562 145119
356060 648838
217741 729952
707206 982995
938546 685400
530465 622596
944111 859829
384734 168430
438497 660199
