16503	608988
137435	528372
983383	465994
202126	304210
211431	442223
726573	646244
144529	593684
715682	793275
706385	414274
844661	164399
225545	886403
246865	665907
673301	600112
949509	454535
847650	886336
39264	453857
183861	808230
323617	675515
905864	983851
269052	555386
925539	613658
704441	132997
421770	712857
339055	350742
198048	278630
22100	572899
590949	826372
934785	48592
374037	736992
811299	25102
951919	866386
159068	444801
544089	784151
545517	115857
653667	642818
1715	206494
406087	189025
189684	472626
14906	61306
314427	860381
796475	774274
502411	367193
543157	848791
297176	129986
15980	817051
334343	749386
401331	696640
563074	730370
168328	730052
600114	15899
443624	853287
503647	607454
990128	145173
864943	777964
157179	340913
587649	728946
790617	240252
607285	812359
480987	728960
325901	128987
502598	296224
681246	269174
424458	873327
632738	704086
482370	594320
395143	530586
182699	969005
188406	470510
890717	604506
985285	102104
302900	693358
550437	200289
546383	122330
685989	320614
420841	305003
54766	713161
802623	545073
671316	534846
352499	395726
260652	562676
256013	462127
817723	95239
467557	45122
435997	941871
815145	199564
10529	777251
517589	925270
472011	397550
375689	523821
870936	970036
76061	451273
37368	134604
553016	668929
361584	983618
67807	2545
28196	437520
551529	444562
382646	631245
80572	103808
111333	308502
442782	257695
127048	371255
964455	165159
72231	165835
654769	291987
448600	103319
129772	227128
981526	909898
721896	473984
477567	131980
946586	179468
402192	420414
853685	745706
672881	612869
955455	521350
293112	581895
400055	594441
306423	974548
797028	914586
532453	869653
54231	457733
254015	428874
564631	507087
444392	755752
277351	491411
43147	935901
456716	304819
475796	898423
102665	543110
16069	424667
334729	603780
297221	968232
820295	183748
876788	557850
405767	394409
52086	354330
156892	19305
673223	201044
93582	738739
709635	734438
988307	408615
159684	220620
632804	37988
181684	63624
637307	209286
270244	561242
161594	325198
31628	180271
718758	385212
18953	387542
653851	630811
2122	289116
144281	102505
799060	80844
497343	544653
302547	742891
468526	278885
304840	323974
33922	219396
383392	927216
358224	285489
571904	408476
854868	215510
632257	654169
482635	465647
307824	82629
664091	565087
616135	898656
322677	284071
221584	874493
936487	755856
92721	566350
249447	442204
713674	532665
293735	280655
766844	801391
565111	829092
244921	585716
141264	398201
304733	852920
249271	203312
533140	670307
498530	118393
156021	31870
382422	76016
86973	88298
129577	408551
938533	903855
220644	483425
887632	583417
540380	409712
247193	720126
69830	46795
48376	22583
720485	88708
156379	11524
810998	931428
742713	628344
753337	118049
311518	297095
420270	882530
329601	158514
829545	125949
287898	494923
250186	882576
806480	755768
203296	330231
486754	624437
919092	348817
658009	966662
629431	954062
654846	171480
502629	92041
330609	843171
864614	109257
541321	170112
486092	215486
87514	826783
898706	571575
711270	789349
894675	169847
366166	568585
487495	719487
911918	15731
585145	236995
139108	771950
718290	756585
595613	115518
697204	974815
427558	502081
809835	622817
969761	663911
439182	115873
272768	451327
394009	725622
970828	129112
392339	667570
980838	27042
778730	561703
802488	610085
854962	869314
19649	384840
344479	263276
41651	120872
100249	408451
268616	944551
981601	789016
276988	429631
268088	352264
730874	854175
946678	320309
983788	106446
680771	205954
188108	768435
603891	342683
431823	407792
267918	434474
187421	380288
335808	173401
70369	743101
601060	427193
326473	98837
480315	788714
496309	278429
565725	536893
211080	446771
382518	948309
480130	5664
45679	143248
938470	213018
281380	830305
298619	180639
681021	801338
531495	573526
160507	764123
414508	987186
717861	308438
975989	677429
563114	151172
498494	464719
120568	226558
539142	284877
828690	597358
555539	472211
352024	626568
504938	711674
96351	677618
849905	928502
257115	579095
968731	490495
114491	602158
165608	152880
312764	495780
864561	867327
62865	151179
681571	462355
497541	125690
637773	584400
691107	497887
443473	920994
25621	58937
410261	241746
205595	853
423046	636251
805479	246442
58720	655511
87236	300561
449870	33510
188650	968868
751996	576051
993011	532766
425027	821399
98640	399693
354049	655536
374108	752658
642189	261802
809133	157353
280423	968499
644787	436207
7266	37644
482549	758542
641663	407215
765016	987344
958395	349199
427858	972811
57911	821849
61763	459472
881958	162393
99534	958393
241475	763892
210955	98437
397778	59004
203286	508986
997151	122693
976892	302389
147103	293546
67163	866632
174281	56625
24221	872309
830403	853857
417997	398722
410713	680075
798354	437083
450328	66907
185859	577433
957619	727929
628770	893470
5476	826190
638740	234159
558940	614388
604598	791116
129919	94769
74263	793447
689825	84596
664737	947928
144195	380838
429949	985901
874305	504181
766525	842205
774212	100277
747224	468609
712276	586541
378668	913606
760074	991937
154977	349006
824994	218795
142939	180754
418713	86764
234181	734729
936042	482619
86520	768463
965997	110225
289631	384974
762182	175438
109283	105709
866892	253586
484748	106821
832998	373172
458888	996074
644499	571853
558451	767002
398353	122966
653041	65968
4562	999570
945225	336730
236342	457027
171565	284193
181987	804056
594405	527272
781565	826131
493796	94675
517848	926596
512825	503881
949377	319458
761692	386639
96783	962500
177800	114864
754927	900722
431423	616371
659092	428818
507519	634808
891201	958656
800550	93370
351613	670733
82721	468079
472516	992713
466533	280111
376829	583933
524564	483131
132172	914958
607020	764671
224120	269423
947589	659433
313989	182833
915945	270839
883351	668169
232013	765822
199620	826748
871563	456792
268837	770302
748900	831455
564667	687349
79075	676542
150698	726002
685630	367469
259521	762603
126995	416517
302444	305863
409848	501475
795202	572304
600258	665780
733093	421675
145821	70171
563195	640114
823793	410960
942915	695678
462124	675711
637755	339343
611107	50766
508678	243075
611864	65725
393280	625949
372757	61181
127951	476075
224402	201513
107308	617210
484328	978590
862150	538166
891415	620638
729690	861910
390079	273713
413393	891573
53284	141424
195959	58288
19507	991558
255826	93410
889089	441993
371845	783315
22341	264951
310774	921132
252547	621693
771091	315398
912835	960941
239179	44051
109936	498140
905611	727687
850129	508107
961677	289327
643886	697275
627749	430644
607905	326497
457211	312479
738226	616445
809330	265573
357518	752145
858112	135423
1543	695014
199983	434046
983990	415323
806198	150403
395175	447754
205696	899173
60653	40596
63647	470282
26538	447832
293873	796587
365234	382540
330314	386412
392539	593908
604755	314482
722266	44886
609401	185745
530658	847745
501350	768696
501895	238707
86141	491693
468166	49427
621669	238927
427593	373494
700707	864529
556920	655046
133375	552514
543326	672895
915201	193101
39162	925655
828611	374884
990109	374501
598933	857753
485835	71089
628303	628772
413056	115683
526695	370297
646351	868897
169802	427916
287649	646987
321629	993528
854889	922714
951633	849697
387463	733407
630138	985759
801813	117643
382580	918892
818425	828623
397724	47090
938869	750236
722753	580817
430652	62107
642773	301021
12691	881652
743549	469848
582312	804125
824070	527778
728554	901316
226699	772765
90967	672526
595854	580505
260773	822637
539471	501727
708749	730860
70922	436151
951488	650262
564438	524549
194055	493380
317642	891980
306385	25473
687812	886366
360709	696860
545957	139230
657317	955479
151628	927223
972248	317790
662151	327092
789296	598313
517236	721311
207351	581414
331707	610550
354595	110193
943891	855889
110488	109105
22257	521857
972281	68557
505119	650319
688226	45425
980261	521151
792356	290581
648684	851509
633855	48647
749695	757590
792733	936852
599765	656264
496774	122699
882518	768276
451280	220491
462219	249842
295381	475949
627836	968014
251040	738751
468023	134422
40547	598722
401585	732759
348514	25705
609186	679157
153657	158865
499266	769744
835641	948471
224263	490142
330258	404196
31684	318664
295940	589625
831327	411741
640162	936786
242390	329214
280011	852723
358500	620753
366163	704787
831826	709710
497321	395318
213768	507920
400180	803348
77771	252933
669674	404320
275788	437044
388689	803980
172005	752877
671129	66060
168910	603817
773753	213160
138145	844875
109248	474870
849851	814411
256424	892424
537324	409644
400918	457101
693118	582107
755893	444958
662793	569885
440754	522392
272173	846158
370403	368587
992247	131386
963819	23983
242729	539977
491792	14624
452055	944507
997177	511734
575180	390276
87738	456906
343617	861801
55373	496024
58321	26946
199000	415746
14280	848539
596556	273282
207477	49393
487474	679257
193491	904319
259640	854917
847886	291224
164612	596855
166534	967480
82487	562884
788319	83935
628100	550721
656019	956599
128928	86349
803313	535053
191596	876654
754586	919475
673814	731174
218853	860644
89072	819634
373973	294656
83075	798815
787475	372893
740903	726385
163547	21045
569568	98136
463402	252813
577350	179127
514222	388805
291083	953450
26032	138994
867849	735140
402375	536920
113448	869908
933774	450099
64830	529538
880223	97382
853991	320498
995926	627535
619671	498911
809274	842389
160085	409090
365701	161174
568899	168823
883204	573949
722702	777838
975659	257264
450808	59183
209456	939405
766781	87472
622672	613494
644425	962960
310872	227365
363549	998865
969433	129722
573365	990167
316693	670392
613198	635850
236840	964718
468647	201728
804127	412212
309793	726252
581993	396176
699632	658886
679133	446328
623049	857503
646681	228841
861272	489361
818759	463612
706962	405506
426588	882565
667598	57282
108508	183054
405236	79015
781124	432
612491	824927
860542	536625
758546	475908
586926	349115
186041	200151
210007	455508
625912	725567
3603	249797
632486	79857
769485	360821
348379	674662
282822	865075
822018	969048
262727	606094
661785	947070
567982	694911
673688	46277
113345	851344
190915	781075
433102	447017
716105	65591
203174	304663
711216	698654
137280	358704
833552	733433
699908	139497
719435	109704
503969	653507
701957	970424
947999	263724
244859	9890
376390	644498
830864	881500
747660	294226
480682	327292
164522	519379
498738	236546
454570	876701
732365	688782
534656	172457
274785	93006
515560	831844
840847	610259
939428	532455
893099	635856
641072	890680
939148	906227
758390	532375
424987	526680
968553	121863
153859	455559
403136	670180
834586	111808
739691	977002
759294	99264
346721	881845
696919	883486
972465	523236
228190	20686
58414	57981
762564	140911
783378	709296
941798	559801
959149	454987
808304	486413
553421	199740
188383	852316
310393	479649
277135	986435
507319	476468
253368	692940
872913	425291
714916	608676
356528	197877
585888	921571
20473	312938
436030	549934
301954	150023
138047	779192
683444	410202
102542	157111
394837	870817
596094	224447
759752	21129
192266	911781
451837	534090
739228	103908
662630	21129
525752	737435
420399	908741
267246	541151
25941	628278
303573	409337
488145	187542
718672	257930
941017	64385
504692	552930
341846	898254
507436	845865
275542	839048
981267	346536
303626	868973
157866	513523
720079	70944
212689	360401
366658	649177
354418	950382
24468	679522
925989	8785
316642	460657
319460	871830
307602	242845
312492	825808
92655	19567
663955	697177
911150	396048
116741	481357
390055	994752
476371	461396
995515	752569
640286	370295
780750	333416
18216	321066
467829	6150
460191	102721
260024	310098
442790	738440
717105	155024
986961	843404
269002	194504
944823	101924
158580	580240
329405	901993
122651	889127
377348	642029
357520	654806
310918	232818
704298	261079
144796	248041
319796	626724
647998	263886
253154	467624
348720	925988
447703	254410
222348	660811
307938	92390
778062	976638
484412	327410
316292	125777
523005	387687
845043	194758
131772	35064
914490	322881
519109	12224
211647	778067
334715	353635
36056	644065
215315	508281
453401	908779
695719	709829
466576	598641
771762	411482
490840	441098
859997	517077
233151	354251
857727	972521
334208	881152
299166	728567
36987	478145
130779	505580
454472	904067
945144	215775
993684	952728
249455	56135
209402	286170
32303	557954
482814	501076
395123	693721
66643	357298
552471	271594
118735	919732
194490	76981
425376	948581
459492	99873
754918	946697
852642	185058
88525	609031
883971	881696
784183	143555
986053	656237
49742	921430
615038	595753
248291	172826
602408	280898
965680	820768
474706	610006
449464	469779
539734	211225
509014	185255
723973	610317
182467	807837
728990	25864
69652	964665
456166	628441
798053	832912
546930	644156
476983	482704
37564	650724
323616	527692
924392	619691
113296	115169
440908	19562
554395	342421
121026	936458
562286	558150
593916	195460
515223	990023
932902	422439
510101	842318
807828	994622
565321	747299
403152	43577
705595	513400
917488	971080
505505	158167
644624	80836
681335	538008
300568	366910
797788	491632
637788	826631
25875	360192
166288	515315
476435	34064
834242	565113
385341	877806
447843	96281
586192	720512
390534	722517
931715	478580
414047	988901
88624	456685
658062	894969
262450	890787
902028	926304
134790	128362
163232	329465
185911	20300
100463	986687
411556	120814
915063	863472
526735	609274
735115	622592
133496	453951
641717	277809
361990	416606
772763	587793
188947	903824
807528	774563
795175	165634
750263	515580
341609	267295
901537	430367
321228	197273
790693	449543
972790	303803
466786	676529
290407	667040
50495	221116
712377	61419
575954	594956
339917	652702
812473	80676
610936	437723
993376	267576
895874	183040
880652	963031
700944	649989
654148	79634
294582	74071
560392	451159
639400	304102
690504	879300
206507	107819
383734	192525
857968	241991
746197	38891
126026	112274
612860	528929
529407	766729
970474	636798
860323	760662
886137	65965
621384	136604
894316	299542