397794 814777
697005 697772
471103 806370
719128 763001
390444 476774
614108 831078
496668 774402
795571 818325
341394 942595
234064 601628
253805 462810
262839 590978
95412 863235
324785 744951
106682 919922
70745 593767
669527 800081
953946 968523
84644 757456
860737 935989
682688 769084
30681 436673
411700 763962
163379 599130
536471 687873
504786 736426
928840 932185
872485 923660
318530 609771
618887 715971
716302 948684
671558 858375
431894 854763
398948 932281
349662 542639
647215 762660
217662 963075
627741 893967
26185 449052
86691 836989
564157 879311
586569 764216
438050 722316
757302 960354
249390 690965
482241 938320
120776 923233
350088 785157
161748 911278
170165 397485
51337 827230
106833 819330
280901 444274
683068 892187
961608 981617
652609 833238
534818 764540
323007 958775
167887 952370
239491 292353
281600 797992
247796 328899
470390 904487
669814 765438
608425 621265
849972 902543
243765 562974
648377 888369
40590 808789
3753 336188
613227 810503
173181 276459
960240 991661
226988 405528
83964 380629
96754 885521
259379 292124
938092 994403
579808 717924
340773 477933
37810 867328
727622 738988
867883 901334
905173 967571
435743 810526
396308 477985
937091 993379
855007 884047
663052 824232
132259 778876
928043 987546
98090 150298
55265 736135
266411 753966
747207 880467
135220 740151
171847 794796
513763 664779
555706 719811
968294 975999
938852 999301
438557 693731
744954 793350
243759 630335
843063 879694
482624 658507
550067 687462
458566 637452
948341 976221
190100 644545
759022 805871
428805 880092
500431 850139
410991 960820
659088 840687
184317 565835
874894 993326
560080 836795
409077 865294
997919 998684
69820 842564
829078 945671
295578 417852
917031 930152
666434 815982
331337 393716
597040 739529
441139 509267
139696 270267
37000 235873
609635 714420
263913 529442
114850 197006
384962 410685
338119 916257
976182 997080
830417 940436
803289 835553
65567 514309
729759 746863
221501 650090
357511 437832
234601 481938
311036 727940
752187 885363
481421 511931
167810 849645
422453 674785
910397 912480
948944 963603
61845 848341
265534 480009
687489 692470
423317 537543
910670 963226
358635 750532
703571 745641
900928 953447
769982 887831
41773 331031
481379 571513
346110 619440
452257 920008
757394 976846
58874 973477
493145 882868
146874 584947
171687 480450
148204 449945
83599 518483
506834 640947
140853 523967
647825 970373
808570 977064
991332 997966
868128 919462
293276 998268
116551 649913
972083 998831
897193 985908
344862 539817
306688 854091
701005 713645
234379 549111
499133 993416
376212 453513
851569 967102
402254 908562
534984 599131
885321 903681
496168 855603
684859 830230
288471 550868
904333 949684
833259 958614
681482 798024
160405 182667
960020 986497
428252 787500
405010 453078
134283 295584
393784 798018
722865 877323
636486 651551
134640 618852
325371 678107
896682 917836
832324 929857
109327 182226
474879 694381
239498 695368
435455 480145
409166 965363
75719 816993
802828 982024
273764 569636
222064 710256
481427 523472
764840 898687
202946 498188
740287 957898
693233 811701
994852 996029
6868 250494
688986 864714
798558 978968
371489 754592
5038 313320
539315 700726
679 881257
40638 692707
437774 746362
715174 961325
323057 442845
740281 811154
670629 785122
558278 627359
820373 917777
424777 855828
332860 532764
406524 893646
716315 858922
702685 975014
789637 961672
158953 333494
911812 936737
306691 658153
95877 562656
927547 981485
469787 484948
558402 964685
137600 217403
287939 527368
554482 582608
937421 991668
544282 615152
778429 935605
902243 999165
935120 976143
169185 910014
717616 813552
607860 963859
652688 885856
810253 863178
524149 984682
316661 483649
213098 510176
418235 584679
732554 996016
650631 952243
308597 309797
960277 961716
917918 935423
251677 521203
351016 771389
637272 697215
546988 787654
926617 985493
724125 780959
643481 777304
363012 636265
372898 389598
600471 767006
118819 994119
289386 897097
536660 699456
290530 708337
429957 744683
295792 327719
143443 789201
895419 966289
501361 752363
436829 966718
762505 795473
255213 351524
619881 983805
380699 428017
3642 106778
936349 988066
931503 940147
813619 870696
329730 536955
895843 946073
350112 667125
247609 597895
43689 931945
270318 931268
694753 867907
260252 464737
25859 891412
681822 968263
632943 843853
811400 996632
24060 819708
827574 960118
267103 883703
611430 993899
484739 774174
640385 677552
245045 840023
689152 954822
87379 620640
194812 566258
686013 901127
558789 703103
253561 595755
810802 822253
14919 380648
934994 979939
560613 675626
223132 811310
865964 917051
58680 670393
368472 468338
825470 885224
294875 441820
281983 441009
234365 505462
31618 148076
7987 537445
326049 379874
278675 426959
818644 899156
784266 849961
293375 344968
32167 262639
266467 740683
433430 818127
879260 938788
931725 989169
774098 841623
972226 984963
605852 665065
50528 211862
208493 604352
179424 947001
544355 840311
665605 907042
784845 927534
393376 504561
1171 180460
208363 788391
38804 558552
913909 936084
872690 929501
130481 152301
597383 998479
107474 172447
898189 899457
749683 901772
7557 631416
177763 557162
508642 945146
610698 646022
141415 707124
981827 993879
954307 999075
620532 801146
166038 554917
942075 977662
330373 549093
499617 884004
32394 278101
94267 937742
710364 802306
444727 619891
987846 988558
693922 945191
837637 976555
220991 946216
877075 880764
934603 956966
811060 977246
640404 806403
711576 742706
761101 934381
148306 523286
420120 857835
678393 690662
487760 690924
257954 542681
762893 950975
410938 510183
813537 892508
225273 666536
619940 688965
430320 815806
164440 473234
603209 727466
820193 962815
344916 964417
762321 868471
79024 725635
738062 770988
614446 817678
167630 387053
832892 919877
730953 951945
519096 964246
389041 663381
142863 857751
856137 950462
97427 520893
239093 791333
511757 900087
293499 326792
500314 683452
450558 925624
700825 958598
521342 636684
596853 729720
730874 957503
155410 573924
905368 989088
263617 945410
625423 829450
721608 827283
198586 602982
737130 850450
206831 751699
178772 476445
629872 760081
283091 686426
63678 490119
551985 737119
502236 966712
481869 678851
10110 495959
599477 706528
935292 980217
207436 387317
706074 802438
45362 891561
172015 572522
356957 424013
550405 855385
755193 937351
715495 846778
6141 395550
757470 776887
372072 958115
783308 894435
315501 483536
944121 944880
702349 740812
937974 998428
571540 594010
36618 247562
768641 945721
563320 927897
835138 870394
936717 992517
428176 471868
132187 740330
908880 988449
376583 427634
805266 882352
365075 820369
195376 360051
147138 554595
809115 913594
847230 893784
87311 435678
301795 424781
592473 599478
359250 669838
62218 978128
850001 871002
840459 889306
972264 988574
81461 115200
259222 495607
95420 489858
704293 926068
147851 609631
507810 920186
669471 820717
118353 789281
541602 956636
135681 669930
162903 824078
602017 692506
28857 378392
307982 808739
417234 812618
175646 403318
168045 461475
333451 616145
411783 500760
538753 672127
751635 914378
720357 872689
572048 666462
637142 874763
253348 630792
295338 362707
190743 617138
89717 261612
27159 644605
427664 608401
686930 718650
175657 787362
486577 993899
270176 466758
500559 782249
10453 383414
22372 289967
782888 827396
44686 914665
356540 716402
711497 953249
666873 982297
233013 596165
562763 782194
258536 983378
986092 998351
906842 982891
721009 807547
417423 857689
588850 617707
966097 992372
433725 965986
786127 831949
47013 338525
904458 974115
288374 763988
694466 965828
932864 969037
450164 873218
376747 827312
123986 212569
214435 847393
738073 989130
765561 771775
756192 785224
225946 460325
686202 957301
754155 881306
175203 508801
792295 998601
830353 952593
527886 848285
645574 741481
89737 140728
184303 635022
307030 345676
792425 998407
866818 943360
58700 386861
191071 774314
509612 568352
282486 996089
984579 996175
91294 969935
285319 349680
384103 628917
615158 889233
564325 713021
838235 874105
36866 538011
889117 978758
815615 954938
933572 971917
469559 892676
584720 731669
398825 786695
321917 719116
640465 908884
244753 692912
766026 917697
842702 974753
24670 166841
845775 969456
269365 886022
766712 948145
341405 911888
238384 261510
434293 841212
795035 976545
494377 864904
660270 817529
826462 990470
47735 774026
684303 771862
415717 995456
870501 966732
547544 887670
444498 837522
195665 480002
114440 847239
637504 675743
200240 699113
402281 407079
177197 205125
706081 729219
309421 412639
298901 955061
851679 882583
740698 890965
939218 959566
238790 475226
775712 776709
629043 740349
440142 569905
371559 933000
161906 214269
577512 873081
421834 593502
63512 622100
962958 978305
889838 903903
496203 964816
972248 997171
303400 562797
710352 867272
751750 905400
349343 737765
520467 956552
536686 776450
465507 934600
272595 829961
438320 951935
42690 285422
935233 949046
900816 904518
543087 747773
720737 903236
457979 479501
201766 725764
336403 552871
301054 827417
793256 958118
552390 955969
56789 428296
263543 518425
294249 735014
26676 682203
200338 706797
353336 607991
984017 985161
413147 694416
585491 802507
455923 663137
27782 600148
661793 759673
886115 902155
878930 959234
378266 996752
836278 941583
614027 660483
714263 727727
230107 952906
36797 358482
698794 938145
90311 843695
110526 569177
292557 318847
469959 697346
157187 612782
67626 902073
81450 290086
918001 962557
737782 874638
719897 739487
325439 869441
518731 835212
218426 516296
130587 394950
606284 818383
644469 953349
433935 930397
799586 835167
875357 917642
427881 954210
93795 285434
590289 965432
225708 391771
909269 921226
606930 610124
431141 687434
207858 812885
996188 998717
204709 947054
212968 883025
70354 402414
69727 839112
731436 831840
364518 660260
785858 953154
762125 922229
180542 649311
226036 374196
277223 582137
470886 803893
804542 865048
478098 592703
378423 992444
790370 960423
457330 485378
794454 849465
893724 943646
216966 362410
374058 540745
134871 870224
575074 894246
180510 749939
345014 444462
980521 982937
842652 902404
129577 210359
157144 449903
224202 426681
754096 875229
793303 978739
549042 985560
998628 999976
513301 558634
214716 274600
189252 666615
640068 934243
524493 831505
744934 856545
62829 555772
20175 997186
595430 656309
598942 949780
235635 614609
684646 778231
474672 730894
718049 794833
396797 468464
965420 986511
284834 575841
424115 747680
231370 668464
865886 933482
160831 917474
373553 615035
386367 679547
853979 930626
271885 273470
97477 870619
36600 672151
529496 610352
709829 862459
958928 976554
767555 818679
737215 897330
95012 645121
449107 785120
467200 930244
508920 750433
358024 909633
744206 767362
971529 973430
754527 760608
96513 432764
952706 999256
274538 330107
961162 981397
345697 511098
342223 344964
880482 970679
399201 976222
948020 976632
84051 761244
722247 992732
493767 763878
214459 829976
608528 954109
506673 946133
534255 705907
272033 421464
516843 953575
812876 922435
438454 956275
101593 958022
305672 419960
636020 704644
287595 368714
762514 974255
929092 979283
886157 914184
291141 676770
395010 726160
762568 986555
106968 452455
49375 703727
572571 959086
61395 101262
699163 855770
277662 338939
445569 680695
176286 428049
566920 906052
922551 991731
420155 831185
509719 562356
476547 561395
973029 983925
577155 685756
68703 391297
279329 906810
563795 607329
846312 951945
871016 890089
776564 972312
944822 984189
520990 859373
942082 970005
919492 975919
350702 796220
647119 713892
965280 985633
346236 754552
769472 781526
393128 867164
204391 979789
754000 837265
314158 442820
740652 837671
105877 485202
384415 538152
476155 589790
229007 269170
729771 985900
557519 795840
993102 998743
278935 405099
542926 997109
863616 977367
482772 497005
489891 654443
400534 769252
390257 459582
433458 938523
398218 598552
956776 997112
121015 181225
908995 944392
32403 805193
596316 662310
991611 999345
499806 780917
938846 998126
31776 817662
601665 644497
981414 984628
292190 324780
774095 971150
471850 963646
575633 913465
475078 707792
458530 509225
98116 761802
303083 543714
90624 256795
789117 905526
153950 654082
395871 633426
189890 538656
611048 745741
423618 712756
510102 974456
816541 883256
952668 986263
754457 766852
433009 580190
311493 449772
286468 890258
39988 536139
309831 777115
238490 632938
681416 888781
927076 987087
238641 919146
884277 888433
285457 688598
481458 735906
791720 964749
71088 915755
890158 981567
150051 405783
59276 215334
690097 812550
280601 690861
418216 502207
221340 767443
807234 902005
441201 853368
622614 943569
782115 817533
405953 850285
759482 761095
267203 502722
189615 589065
63540 801083
770078 998062
938878 957660
805003 876721
944739 958327
2317 835633
330656 692990
687815 944717
291919 379695
897083 913400
264170 526211
743497 817534
881356 981979
774374 775672
852281 942348
810531 825841
304421 635622
505413 916831
6589 52446
22977 839831
80314 454729
498260 904455
211804 230162
619199 735260
727293 730970
381237 390205
124488 403560
229351 943275
193970 666561
28517 172428
88976 726005
609255 895573
165219 434673
97637 621284
739452 794135
70020 754498
566763 971540
679104 855400
48471 733349
492579 829277
727609 853572
563582 853247
676793 751800
698950 871036
498574 674339
132840 632401
539033 922953
204205 258922
463593 648483
787609 809775
560932 656628
103292 434915
104109 203456
23275 49404
399299 459345
481331 527938
372485 722378
221116 417311
500628 710696
925967 980292
549212 626909
907789 962355
137734 714431
415780 622879
210007 398054
709356 753778
27333 245488
457727 562437
884389 911806
93092 870514
63735 329349
550508 724096
727812 879429
763232 990806
410847 900459
505117 638341
182046 276198
975390 981641
397785 562404
963973 969352
348313 372925
850258 968819
291168 798534
758276 970317
