2 39
7672 4
53049 4
59 1189
5 10
404 9
9285 70
4 35
17122 10
735 3
324 59040
3 8
8480 5
20639 2902
3088 23892
1400 647
6 38
996 3
21 7156
75 7
85 75169
8 81
7 9
2 5
49952 88
705 35811
3 83750
7646 88358
9046 60604
15690 51
29 30594
18312 29608
4 86
25676 328
744 639
72093 173
1 565
4 869
7458 23710
97 2
11519 7247
10 25
293 5742
1009 93
59871 826
14121 7906
99 4
893 60237
8944 21
928 99
269 5342
39 85
4 10
3 90
210 90
2 1756
294 82349
37455 749
94 43
4 9
5890 9
437 8
1453 7983
36863 6069
9 896
9 7
3 26
695 65558
4018 46
39002 81145
86490 7
10 9450
4164 36
4888 32997
9 257
5772 6338
9021 9
66595 5356
7 44
878 10
44161 29265
752 27
59 447
79137 95
1 30
86 6380
948 5
3 1319
3849 97
3 704
375 3170
88 13
95 8214
3 11
67 69
5 6
16 559
74 5
323 6
798 42
2291 7608
24 4065
65369 8
1078 94
5 5
447 59342
7 10
8 7012
90 616
9 922
2151 2
23 45
82 872
7021 13393
5 68
21 6124
98978 8284
15 6465
77504 14586
2875 4682
916 89
3722 293
8492 4979
34719 1
9709 2788
982 78467
5 18949
6 1
701 779
7 395
9964 2
6017 6
2 54
39 36214
183 86
53668 74972
1 5140
71 8682
34 2
86 6
9 30110
94 77980
583 421
15525 6
164 1
490 3
2 8493
811 43319
43525 21
9444 40671
46925 4907
62 2140
957 97134
4060 7
77 4481
97860 442
1205 74629
303 575
6 99
4299 265
583 9
195 90264
3690 89851
1 34
1508 73
9 5
55 14880
48843 4
732 987
50 5
5 1150
1 5
857 85
2 1645
6 6817
54 6
69 23
131 8
88 3668
6171 17
50997 46991
79172 14
44 91322
4693 36265
3483 5
6 18460
5 98
7302 5
67214 319
75441 38
733 614
85616 28
49225 146
4 7769
37 964
4 90530
6558 2137
1875 5812
86 8
303 2124
2961 4
66762 9728
303 39707
6411 39071
31481 4
82192 92
719 3594
1 88744
3 4
71 880
11 62
536 7587
30 721
32381 12
5 11
887 53542
4168 3
56 5
842 8112
6 8
69 321
339 7712
3907 13
63 967
942 56
9 6
94903 1987
4 28022
14 43089
15 835
4 73
97024 8516
38 99
7 72
1 896
8062 7
15 1
974 59997
2 6947
8 6478
994 71
50 1
295 8
79 1
4130 247
85 24210
2685 97
97 923
7024 382
908 1173
85 44
13 6957
77955 61
1 895
4 96789
89172 88
79 63
7590 6927
75 5670
10 30342
10 216
94 8947
61250 93873
10 22
6 84
8 1
213 463
2454 68711
41794 44006
88 7506
6 3588
16 27281
5 53
60 38643
7151 2030
5330 69535
297 397
5 4729
39 8975
1357 1
5 10
5 4919
756 39118
519 88832
38382 71
8501 98413
3142 4
4 8733
91 4175
98949 49
4080 6070
59085 47
360 34695
206 164
715 60
90158 2187
7127 7
8711 93
31 2152
518 491
2 12882
81 6
94229 264
7 2
4011 30
164 1
918 34335
350 90
38 1460
93 74
48 6837
24 841
57997 35668
89107 3992
100 7545
46321 48
3 400
8320 566
566 341
79808 22
22 526
84 5
87468 24
65048 12
5764 2
279 97
8 972
465 8
9874 73289
12979 3801
938 22474
3 4328
721 84
30312 2619
48928 6
10 1458
50 67
8 17
98 91
5 13575
6642 1758
71 246
69477 310
563 9846
7450 949
10 334
2628 49
72330 40698
1 501
8164 7711
59 16233
948 262
17838 72192
281 2
3416 41
61878 1
9 2
63 5128
3083 39
42 232
82086 82947
61 780
36781 71021
2368 3
4 22661
73 9
8107 88609
6 793
46 890
13 26
7 684
283 925
4969 91665
327 26
36 99
691 5
5 845
14416 389
75 35651
796 2625
2863 8
5162 4426
10 6
16778 410
49158 3637
94 8290
568 6671
31 958
6806 99801
766 675
7 24
97 7061
69120 52
470 59351
10 7752
694 21905
60 7
1420 214
69 3550
173 6
8 1
12 10
916 12247
1 36023
432 48
4464 231
94003 98
82206 8350
6 25644
3 56
71 847
83 25510
6639 7539
77040 35056
97033 43
61178 10
10 852
48177 5
6052 673
4 10
5 3537
7842 9
95532 88591
91077 882
79 631
14281 2
618 2
90097 8845
9 10
10711 40633
8 5
9567 32205
62677 6113
7 92411
322 8
3 6828
808 99244
239 5
68361 38
4 39
5 3
433 2
5850 4
5120 10228
15401 9925
465 9597
94 79
28 10
8 69
1186 281
6 7
5 8447
699 218
4106 64486
36 6
6076 75740
62 8539
863 1220
691 7
69 783
25 14996
57 2858
221 365
440 94497
10151 28758
103 302
3587 8532
54653 3160
1 4812
6 3
5497 805
8 421
9944 99814
665 22727
5186 44
6633 9197
570 474
28 536
55 3
560 512
15 35466
589 6048
7215 186
5 87487
54639 6790
13060 8
63 25770
95109 327
9 68791
34 2
90 3292
24218 29148
8068 9
64930 74
49538 5
10 255
960 7694
3 75869
690 1828
1 9
4 3659
259 468
1050 41539
4309 48471
11 2297
5171 9
3 574
2 5
28 7662
47902 8308
7399 66
6 12
5431 4
438 1528
87017 51
42 379
9 5188
813 3403
50 3
53771 52326
23841 7
3 3
51384 35
792 62
1353 521
15127 10
1597 6540
70 9
43850 61
63561 10
25 27
37 8
315 89806
71 8384
62013 6
53072 60
45347 9149
3 799
170 2875
87 6561
99 47
597 414
157 20
5476 4
11564 71499
9 8
6881 6034
4868 15
96049 75009
62 583
546 11829
1475 4
2577 6098
10 42
45641 19750
8383 3865
54038 297
1183 10
8 142
10 39
6 104
4 29296
7382 72087
6774 8987
44108 94
6865 2
61 5
7 9
7468 32
1 672
89869 1
86 1631
10 5
3868 693
25494 2525
32634 26148
65063 2982
9793 3539
2952 759
809 3
2973 631
194 2
389 65
6222 3
7335 53892
8 9385
355 32124
37834 1
97 72357
271 5740
595 37
61718 60086
1 688
3593 174
6 36
10 766
8662 52162
89 2078
7 3
40 4
5 8
5593 467
4 96070
75518 33
570 2381
369 99
3911 4
4 7770
10 1145
7470 59987
825 4796
9 7
36952 3871
47212 36
81 5
4604 7
22 6
75 5
9 43067
6 5994
4669 2892
5 10
6128 92
750 342
8051 78
395 89
7663 408
24763 1
98159 430
2186 5
25 9651
8 1
142 558
8764 7
98577 349
48588 39
6 4
1 6618
51 1331
84 5476
831 80124
57148 1
44872 91119
77807 67908
1376 2
97 94
2 923
2 46
5 9
862 6
5 319
72152 9459
5220 7361
86710 31
193 2
93068 1583
1936 856
7 7521
55 95007
8106 28
748 984
32187 9
10501 1392
7928 4
3931 3394
194 13556
852 44
92766 6
8 3724
6 8930
5856 36075
5 3
8 157
1 6
493 8408
9 2892
9131 26798
4 3
3 65494
9 7144
382 9
9 697
283 975
4015 5
232 6
37843 15274
8384 41
579 2
5 687
31 10
10 9
7540 60294
321 458
735 82790
84 8
8507 45
9255 229
5 3
345 233
56749 16786
58 7
2 5748
705 28949
40994 61637
3879 2
9 7578
197 1723
83153 7213
913 12
12 3599
620 5573
346 5
73 2610
8 60850
97 43514
7 4
2 49
895 31
768 36607
61 245
53133 4049
7039 9
4684 33524
4649 48
4488 10
1 163
6 3932
84 87
18 9
5 3578
797 30299
39 8
1 58367
38030 30
7 54440
9252 913
28772 81457
820 8745
679 8
6 305
9521 260
8 3
139 142
55012 531
50718 8575
5 87
7 27
133 10
20 10
35933 9
16 385
6 16672
1 7228
24996 487
4 80
5253 941
7 34591
1 3
31 564
40 75
43 589
1 919
66 1
653 39
76 2392
38189 33
46612 795
3 1
1001 9
8572 1508
7 57527
942 3312
94 4
651 9564
76 91
2916 72
5 22
833 633
10 7
41407 51202
60787 9215
634 57
3 181
24 558
7 5
5 3
152 894
54276 150
570 42
9 1855
7052 6
51 81824
89662 89
20 9
387 20650
45951 3
773 5
52303 89186
5179 381
3 8
50 88
42574 48065
25054 245
52573 26
6 84892
23501 670
6 39
427 3
3 3300
7957 1
6644 920
10 4
71 71
109 7312
2265 6
85 300
345 28657
767 24
20 619
88 3200
45886 2878
7343 2095
6 11
8 19713
34 4
461 11740
4 8886
3 76097
1 37060
6 93244
10 192
8754 931
845 6490
69858 71
55 64
77694 8427
47 62
64 8881
2144 5
7867 161
9 469
8 442
35033 5
55983 27
794 8
711 6478
51567 9
6084 5351
6 8
10 100
834 867
689 3936
69964 16836
8485 13
7 8
95 4202
8067 66822
96801 5812
21484 99
239 22
69 1036
61 81569
49 2190
3 54076
6731 667
352 6122
84 1
54 17
2849 51
15 2
2070 234
6419 87390
80857 4
8 350
5728 3
4067 44
47 948
46044 34
852 6
35 8332
1582 55980
396 3
80 3
367 6610
5177 17794
631 9175
6383 4811
73 678
68333 10
32 1468
66 285
57458 8794
5219 68
47254 6250
916 485
10 1256
5 963
76 2
956 14298
98 6059
67860 97473
1 6400
558 9
92 59291
3 2
11897 86549
1169 1822
2 769
3491 3307
4589 44
8312 1798
778 2507
74 45
98366 1766
7 67
73505 24424
4564 581
63166 122
77 181
90235 406
687 3
17 918
3 89312
227 10
43 7282
8 3899
12735 528
518 2
606 9548
5 41596
26 69454
7 66132
96 567
6 63228
6 7800
782 7
820 789
53 1810
2 25057
48 72
627 40
6 10
84 3646
343 259
36 4
75 69
26 8791
21250 23
4008 9736
70 444
17 127
5 35
41 10
6 87
39 774
94575 2
5 29
62 9797
836 4
957 1
69397 77237
38266 261
10 32991
3 64139
31 892
38 6575
1 27
5 537
6210 9
390 7
53 10
52276 8456
5418 2
547 21
4061 711
15596 480
488 8137
10 78429
5 99
1544 899
3 8
11 86
1857 26
668 4
95 30
7 267
9493 82846
8 126
7 97541
2460 900
66478 1
6 76835
60511 2
68 167
589 47222
86349 529
6817 5
9260 9
58 6
4 264
