1 10
100 200
201 210
900 1000
340 924
215 968
106 965
31 366
376 116
330 58
274 365
397 124
276 172
283 232
94 703
181 625
403 328
329 635
297 960
340 174
214 189
347 495
419 327
148 714
194 147
130 991
463 596
196 654
475 532
255 693
411 40
13 253
369 613
190 214
364 979
26 438
257 224
463 323
437 463
6 284
131 885
303 288
499 342
348 173
40 186
314 927
222 497
148 693
437 663
273 200
87 306
472 728
359 238
191 445
229 614
51 507
65 464
453 477
159 254
333 520
105 836
338 961
25 376
204 327
177 664
170 835
195 151
350 602
306 955
467 386
250 828
195 490
75 708
379 388
321 106
418 157
262 198
473 809
259 45
383 352
34 70
46 156
353 973
40 503
289 968
431 415
74 336
178 975
124 69
105 882
302 583
495 97
299 55
95 451
75 49
435 125
330 64
421 583
30 462
248 595
226 862
84 459
402 319
173 135
63 598
399 878
118 585
396 343
232 314
175 770
101 38
101 914
433 995
446 107
101 149
408 627
381 111
413 153
239 230
293 751
453 467
119 550
259 182
265 56
181 168
395 472
486 168
266 361
450 429
403 358
383 847
311 845
183 284
325 985
393 722
45 779
395 909
207 660
68 696
454 169
489 65
242 745
38 70
378 810
232 142
479 631
39 53
84 337
150 208
283 880
176 68
206 950
400 703
98 613
324 698
349 969
115 742
20 350
97 169
188 976
229 12
278 34
273 785
137 951
56 908
94 510
152 265
385 394
125 496
289 238
459 672
372 820
337 254
329 882
292 886
316 17
201 417
246 514
352 262
4 692
26 338
91 112
200 757
489 410
461 242
411 985
429 423
342 884
438 102
268 141
452 122
375 102
184 217
10 314
447 619
129 57
282 907
147 299
390 530
407 192
465 244
403 629
484 374
181 85
328 133
337 29
401 857
134 505
54 101
197 364
12 463
321 583
244 407
141 876
454 960
433 333
20 605
416 338
57 798
164 952
267 973
438 423
39 592
330 257
422 272
305 693
81 805
350 234
333 90
31 182
416 896
249 691
99 743
155 769
253 892
120 296
220 429
58 162
405 54
88 321
271 395
487 569
342 962
21 49
262 627
36 922
419 991
238 809
255 148
133 201
469 472
218 888
277 245
386 443
168 575
216 58
171 935
45 333
434 813
263 766
393 290
276 893
72 84
264 775
211 807
342 164
63 665
12 930
296 639
11 913
440 295
97 627
55 782
175 51
203 476
286 415
269 908
213 27
1 557
263 823
228 373
250 319
211 598
359 834
119 143
3 413
333 565
337 946
248 507
54 921
289 7
238 399
80 404
145 597
6 951
477 473
475 909
484 961
95 494
390 812
88 466
286 946
44 692
212 963
482 517
302 970
125 584
148 215
275 50
373 111
173 446
461 117
54 549
178 76
5 568
90 225
190 816
151 129
474 634
178 389
312 160
84 113
398 23
201 584
444 48
62 50
252 54
226 660
303 199
337 807
111 940
173 78
105 519
399 593
185 174
200 651
79 306
8 291
311 830
194 326
475 648
157 297
393 562
4 38
5 823
234 438
48 963
183 833
493 679
41 532
166 951
47 774
90 400
303 798
192 493
365 101
430 898
261 754
356 617
161 468
331 88
166 900
367 91
67 955
5 655
61 865
156 175
55 376
89 565
418 33
54 65
490 803
483 883
472 5
282 108
259 759
394 692
278 266
282 288
480 125
191 85
17 62
277 908
135 855
131 313
271 496
116 78
118 296
116 667
331 705
440 28
60 221
231 491
356 783
186 451
330 243
34 806
174 459
76 496
210 517
114 348
499 585
150 119
432 914
430 489
161 516
360 458
275 773
414 108
124 782
471 544
380 145
195 73
414 869
415 39
214 591
343 222
181 611
165 873
147 701
326 651
160 848
378 82
88 929
267 793
67 462
287 708
402 324
263 664
246 137
368 4
81 240
423 741
38 315
266 771
132 934
344 408
319 475
260 796
238 173
270 633
225 118
33 200
410 484
165 794
368 488
20 785
201 842
88 417
8 669
280 516
351 55
123 732
431 22
188 416
206 152
468 169
495 348
483 559
492 116
77 10
32 129
213 145
482 655
30 691
244 236
244 868
45 15
168 254
77 252
456 80
49 331
88 684
444 159
168 381
295 5
294 225
219 961
336 239
497 472
129 224
221 690
463 94
164 11
138 59
47 866
352 415
150 909
287 531
240 28
194 764
400 623
290 880
265 520
1 75
165 34
204 360
478 258
440 609
26 47
55 362
395 727
387 769
59 59
26 26
70 70
55 55
265 347
235 593
362 899
489 599
16 932
352 415
324 669
424 578
91 415
364 467
86 354
235 749
259 629
170 293
232 420
431 733
60 457
357 413
150 280
277 373
180 593
125 216
80 602
363 533
279 344
14 541
131 771
77 832
96 282
291 694
290 759
42 489
30 831
408 628
38 568
80 539
296 650
381 501
214 307
31 286
331 736
123 497
142 684
135 426
213 362
73 481
210 435
37 255
72 724
262 466
369 837
280 551
192 345
461 806
286 314
110 429
335 582
275 582
332 407
403 420
126 260
347 635
294 427
438 469
302 482
145 402
174 478
217 445
418 818
68 928
435 784
170 469
461 846
96 838
274 465
277 714
175 215
358 497
118 312
185 475
321 337
296 942
168 208
17 399
21 797
311 478
212 448
340 549
191 367
467 666
15 82
457 878
209 411
316 402
499 929
259 699
355 592
295 582
298 440
235 374
30 806
213 649
122 763
11 751
143 798
49 211
252 278
194 992
217 644
69 988
12 604
353 542
33 310
351 972
82 132
7 258
92 125
387 525
126 195
365 937
316 360
22 915
44 932
69 124
4 262
442 825
121 373
300 871
161 606
130 972
414 420
292 478
200 375
313 358
212 438
46 844
59 236
319 598
204 478
386 895
125 697
434 436
49 915
136 299
130 181
347 425
228 541
168 719
295 677
351 453
263 601
14 407
406 598
345 920
198 231
272 273
181 331
18 913
35 753
154 731
50 547
170 308
159 435
211 763
93 305
337 734
163 360
55 555
200 328
104 963
38 760
239 435
159 433
352 551
266 411
368 815
302 942
13 862
96 272
198 890
156 526
40 973
317 383
266 340
251 284
285 377
250 478
264 412
49 519
277 661
497 554
232 546
63 310
60 324
122 787
396 738
211 490
251 343
335 551
332 590
207 848
346 402
446 827
404 484
47 754
283 946
195 492
12 515
335 667
448 694
249 499
55 594
105 884
283 703
69 302
220 787
371 575
415 609
476 729
280 547
292 712
279 915
81 566
349 499
100 875
318 340
260 533
91 634
338 524
442 492
103 147
174 299
131 413
27 170
106 672
499 771
34 385
106 143
24 429
180 357
219 285
192 514
287 686
428 557
253 357
167 309
442 825
119 443
184 297
76 283
241 327
318 386
230 791
499 895
32 366
172 252
71 279
330 369
30 335
273 633
232 922
190 906
223 265
297 548
71 826
437 607
62 729
248 265
80 502
146 279
240 912
472 891
47 258
412 753
30 83
397 814
34 132
439 766
475 906
379 497
339 467
97 180
203 402
330 488
104 341
442 702
74 798
452 687
176 198
270 934
390 413
111 196
399 821
87 259
283 414
378 630
358 434
109 508
190 371
62 825
312 722
188 335
127 763
434 453
455 794
258 363
345 433
466 513
126 194
169 285
164 518
53 529
193 426
55 93
133 317
293 944
86 240
19 725
371 807
169 480
491 767
88 584
157 990
227 807
3 490
473 478
363 999
409 919
320 861
45 444
317 928
282 928
17 438
191 431
148 400
375 482
497 783
259 623
332 998
261 440
35 976
28 64
168 749
205 756
153 518
381 559
167 491
173 980
436 921
278 332
297 427
482 953
478 840
470 675
126 776
401 759
305 696
414 989
158 556
159 361
341 566
69 454
179 691
92 260
182 253
178 992
224 853
406 975
222 783
487 715
395 552
106 183
238 460
194 552
291 377
141 209
107 465
51 656
131 612
398 880
168 932
147 460
80 299
88 908
175 275
285 409
14 455
292 873
69 181
211 975
152 559
456 498
93 439
180 435
177 420
22 212
131 774
288 583
50 225
310 315
486 500
11 471
199 281
286 416
31 353
20 673
454 481
145 440
182 991
247 988
37 276
259 451
124 376
86 111
133 134
177 266
296 835
52 921
224 276
404 496
35 768
141 317
486 888
173 305
268 450
90 934
233 898
217 939
193 601
211 338
59 80
218 406
238 675
111 207
99 176
178 595
253 411
444 480
57 103
37 121
36 596
133 699
3 137
290 789
164 179
417 833
11 41
361 563
93 730
30 267
169 497
34 376
322 608
308 441
425 895
75 775
287 343
57 550
50 283
262 315
97 491
222 725
91 293
228 541
23 75
191 334
416 677
179 278
458 854
451 998
168 344
34 712
85 324
196 281
281 455
436 748
237 815
45 430
36 222
350 891
175 755
362 971
58 934
93 789
49 288
306 372
344 800
67 955
436 785
128 210
121 176
480 846
57 342
448 523
25 152
187 410
472 652
96 282
324 907
