244 480
48 594
136 756
784 64
449 109
92 467
769 262
903 24
277 329
481 848
923 245
268 194
688 740
807 785
372 999
487 952
821 110
605 323
331 454
495 17
95 884
395 30
613 697
436 887
544 50
706 759
493 843
32 132
726 867
890 809
166 241
7 199
953 281
588 660
225 151
230 938
711 874
706 662
359 12
17 941
63 715
588 475
577 603
621 309
514 604
470 718
282 302
609 420
118 741
484 190
980 277
544 526
955 119
332 742
155 719
434 940
841 53
832 445
388 656
185 865
283 776
24 538
338 620
707 947
562 383
118 200
205 690
641 351
147 405
627 265
385 496
102 485
672 109
273 169
290 238
635 90
984 726
410 414
537 379
644 17
181 340
957 733
82 585
691 778
911 996
804 318
890 293
833 616
85 578
433 691
358 480
798 357
888 18
645 383
425 709
454 239
900 105
672 536
235 399
971 292
613 699
570 778
791 360
241 50
515 386
982 465
375 248
841 160
164 790
590 665
178 257
245 245
466 595
889 131
224 776
1000 608
82 357
367 60
232 101
563 959
106 488
361 748
945 702
942 779
13 767
970 245
891 523
433 127
524 428
733 403
881 11
779 32
789 946
487 485
39 926
976 794
165 986
704 256
9 947
54 202
27 403
959 666
443 663
650 399
438 54
628 411
600 934
929 325
26 158
554 29
588 387
5 22
724 546
721 350
916 195
716 635
512 139
618 596
396 579
757 162
871 855
974 207
659 305
877 604
276 989
647 373
357 396
143 453
527 449
882 523
453 301
541 219
679 559
90 240
867 419
179 414
253 770
409 349
385 58
791 757
467 978
691 350
356 375
961 37
805 30
978 850
107 944
654 22
755 860
405 306
364 447
890 917
583 378
987 497
584 66
157 118
105 444
449 683
102 700
441 633
76 858
140 940
398 668
782 613
630 728
768 443
466 289
235 425
759 235
692 13
598 537
853 734
864 773
749 784
193 351
810 488
899 477
93 267
467 566
29 470
252 517
374 264
110 581
658 985
576 455
242 532
961 809
896 141
327 204
872 115
962 971
31 636
113 589
82 774
993 941
621 639
902 114
262 165
943 908
753 937
43 811
912 420
899 295
92 182
98 376
145 264
84 275
599 202
794 374
521 392
926 999
536 302
487 737
808 937
469 965
223 823
356 376
754 348
509 69
807 112
799 608
550 840
106 74
801 997
380 248
17 437
664 872
675 550
532 92
982 87
472 97
541 897
616 342
648 264
732 662
109 941
720 459
31 318
144 962
903 245
733 317
521 612
140 846
170 174
705 784
927 752
41 425
321 770
127 26
766 646
20 769
820 353
41 894
291 484
830 196
818 305
650 554
84 423
438 926
94 798
435 901
173 649
460 28
124 431
973 73
574 188
870 391
48 733
999 96
920 57
763 893
732 662
681 262
923 958
328 47
136 410
118 72
568 495
584 145
243 653
777 687
382 358
314 678
862 592
877 162
601 282
816 701
266 65
691 419
422 735
941 568
405 579
934 935
705 591
569 50
262 287
691 98
254 37
203 44
192 824
484 971
651 855
738 927
566 893
781 286
312 335
16 191
753 575
134 19
488 933
418 159
313 731
989 514
29 145
10 100
15 367
371 948
377 353
657 372
348 608
33 43
138 389
612 589
333 690
234 273
652 997
468 689
930 319
212 416
800 807
168 627
749 845
619 33
549 914
147 432
350 579
7 109
815 817
367 991
513 856
299 442
110 240
516 193
174 174
372 413
113 499
83 681
235 576
120 882
714 9
766 782
364 871
797 785
58 357
105 591
810 518
681 833
546 891
905 50
819 461
868 880
82 649
719 802
70 549
177 106
9 633
621 599
622 564
708 780
864 834
448 387
78 430
765 234
12 804
579 237
402 936
512 932
974 802
359 482
828 255
471 254
871 43
518 712
753 471
154 188
111 911
656 272
738 310
739 886
738 184
779 107
22 538
956 719
959 899
21 134
220 594
545 994
403 142
18 520
581 772
838 258
681 18
490 778
853 997
382 971
455 821
226 772
730 846
112 649
757 486
151 887
559 715
267 150
820 977
333 800
775 570
552 502
776 436
417 65
62 655
999 766
294 372
245 226
251 53
123 722
602 952
937 858
912 770
723 352
650 369
248 874
552 961
317 505
832 502
898 621
675 68
353 828
678 263
530 20
37 191
177 535
287 816
470 988
123 772
848 400
513 160
573 852
767 549
577 846
217 586
522 897
276 467
706 377
613 137
466 411
672 41
954 502
967 73
51 270
796 977
253 165
90 394
739 213
901 409
597 956
902 847
58 462
26 752
813 174
197 698
400 78
670 761
603 829
47 996
795 867
572 593
440 36
708 387
332 441
974 474
854 175
115 13
992 422
988 119
267 690
428 70
640 591
622 460
996 86
334 478
65 512
738 975
520 975
227 994
835 754
682 746
100 135
797 584
168 928
111 800
226 743
466 138
906 75
634 843
357 940
947 963
569 402
728 440
710 808
917 104
790 120
592 191
947 148
920 821
124 968
294 58
897 910
682 535
476 197
659 766
329 698
245 684
208 884
972 801
195 919
626 764
332 552
602 297
970 209
847 676
189 591
82 862
602 400
285 48
347 503
304 495
831 785
684 752
854 677
239 991
495 367
432 522
459 973
843 758
708 950
677 85
216 101
863 935
197 209
764 609
901 391
769 356
404 879
233 200
188 149
819 638
972 487
185 362
838 828
710 693
945 865
996 841
470 775
466 180
279 673
918 579
314 721
674 59
963 502
282 789
598 100
776 585
486 60
611 616
707 970
170 900
496 933
848 524
725 732
336 596
985 338
689 290
224 161
618 969
170 204
548 281
176 70
958 580
631 492
324 251
252 831
862 632
343 957
891 110
13 495
741 215
414 265
193 795
278 267
527 847
371 527
958 78
289 496
741 233
757 331
713 525
359 405
863 356
158 389
568 133
564 645
219 923
78 411
977 112
354 716
482 47
579 267
479 873
226 67
79 678
963 642
292 967
928 510
166 306
342 25
966 266
277 778
470 269
355 996
545 594
402 678
971 510
684 262
954 209
589 315
479 804
99 113
876 961
270 371
605 268
20 886
664 42
726 485
415 931
255 416
500 665
544 218
578 645
544 843
441 392
566 319
680 330
44 389
907 177
221 974
258 44
801 26
52 295
884 283
471 213
86 621
486 32
804 250
521 367
112 777
758 10
461 301
555 105
615 743
518 631
734 958
457 132
1 352
862 558
183 895
831 557
909 718
636 691
404 513
723 239
97 991
248 713
245 754
601 260
270 881
177 801
549 372
901 801
217 681
818 27
760 314
947 88
145 830
799 174
353 990
63 51
463 764
78 939
675 367
546 923
943 638
59 188
328 342
53 180
345 848
273 938
140 451
430 937
954 624
263 155
137 977
971 544
379 702
543 100
880 306
574 423
98 143
968 858
515 447
246 95
80 14
411 349
182 729
827 763
475 45
470 447
637 82
50 30
167 332
978 880
413 917
582 328
690 790
358 250
115 608
404 512
637 727
420 352
406 481
972 82
255 49
772 221
507 546
330 812
697 487
954 620
192 317
326 117
520 222
179 242
826 828
29 471
889 760
527 277
663 970
23 247
993 176
904 749
925 39
437 255
624 911
582 604
765 641
810 750
907 287
162 133
840 126
180 63
42 478
402 960
954 996
448 335
764 927
852 177
609 267
107 834
165 829
194 362
195 438
294 542
270 392
968 566
290 827
544 787
292 555
637 739
590 349
719 2
26 619
999 923
319 959
560 695
134 422
78 969
42 882
401 737
754 975
569 789
196 262
734 577
996 323
805 432
23 994
19 70
761 150
260 388
152 540
999 995
94 462
327 584
81 441
572 948
798 244
983 321
435 768
204 985
862 497
397 399
397 948
645 592
221 9
248 418
856 121
159 792
655 865
321 615
105 877
833 226
980 894
599 272
45 697
514 530
916 105
225 686
379 143
922 269
55 283
295 907
595 448
140 760
834 595
950 912
996 783
652 854
704 260
390 328
665 94
26 544
581 565
502 70
211 329
570 730
746 387
187 644
995 464
611 269
102 659
798 962
40 859
180 251
925 868
959 309
558 568
491 289
108 653
820 866
703 212
306 857
72 215
575 985
910 926
39 527
142 492
824 539
277 567
940 695
906 731
579 802
632 292
743 550
57 73
220 4
975 868
325 541
547 140
731 755
471 634
283 158
430 698
490 615
121 793
693 120
672 462
10 163
209 333
308 62
874 549
548 173
321 111
928 509
169 768
584 526
680 507
140 921
160 807
225 558
833 544
749 269
460 138
430 936
412 595
175 797
650 804
997 994
747 93
889 627
169 89
174 774
946 794
713 645
265 705
939 530
290 248
120 949
834 482
516 653
146 477
987 494
787 714
153 563
605 61
38 883
903 649
580 191
265 622
407 737
451 995
630 790
980 272
440 983
940 322
853 139
814 675
454 600
625 11
189 449
234 604
976 668
661 990
213 453
519 481
493 467
584 959
849 777
35 648
82 979
634 468
620 713
105 926
385 56
