153 988
235 837
541 920
671 116
187 301
736 727
877 603
797 930
678 731
408 709
211 485
160 619
609 913
168 271
678 677
781 475
444 935
480 250
619 539
478 557
522 519
224 592
630 936
896 932
253 204
947 649
798 862
962 747
690 622
405 919
323 220
295 689
318 254
533 426
990 698
335 634
137 253
239 143
199 15
212 527
376 227
666 160
507 10
624 802
413 68
816 497
884 308
251 890
737 211
686 751
152 570
451 618
39 918
299 9
308 535
296 544
751 469
293 686
682 379
177 532
630 360
935 225
145 98
527 127
205 873
737 836
826 919
418 508
186 638
43 693
34 977
51 100
144 46
242 268
355 737
418 114
68 618
503 728
118 913
646 591
616 713
170 575
702 861
792 742
144 169
220 940
373 684
121 628
850 753
421 229
629 550
121 489
611 521
87 28
240 948
786 274
349 466
577 452
452 874
927 165
999 60
929 358
60 187
539 152
421 543
276 107
308 626
492 959
839 97
939 791
811 216
60 868
623 240
335 106
981 66
59 244
519 79
105 296
637 782
624 821
640 264
99 842
773 999
879 25
810 770
116 825
689 749
28 918
89 865
538 136
931 682
637 535
565 879
265 960
764 351
124 679
742 634
577 208
118 67
728 475
102 652
838 828
234 48
474 230
684 506
167 163
441 870
907 397
752 917
489 788
795 440
612 703
889 476
594 500
525 981
793 732
95 88
107 384
497 785
423 519
727 515
522 138
144 695
745 961
359 623
667 72
589 583
133 75
893 199
282 466
895 284
593 436
507 448
571 210
662 751
413 316
267 541
894 903
429 397
740 340
490 821
981 828
582 878
98 711
191 530
325 492
729 794
120 293
183 174
634 653
742 58
15 117
684 883
496 999
941 908
527 102
490 393
650 920
100 812
430 41
68 494
510 41
256 746
798 160
130 72
826 438
521 587
602 793
535 100
638 728
341 613
370 981
598 205
917 434
928 338
959 37
129 647
527 330
818 178
690 389
800 856
412 665
742 691
374 237
656 865
155 459
304 363
995 844
865 268
288 296
131 194
69 491
25 555
22 272
490 569
954 416
631 943
261 53
554 142
623 270
508 72
79 192
780 736
672 906
312 165
21 144
114 487
593 542
427 528
898 654
972 727
557 604
831 495
957 443
202 334
256 796
773 192
574 363
497 553
551 200
341 713
868 455
948 512
956 457
244 601
871 577
708 926
226 331
411 717
164 540
970 732
568 201
211 880
105 908
714 639
241 285
397 886
58 913
929 827
574 656
107 764
264 138
273 293
661 333
479 394
241 911
374 572
257 9
749 833
868 567
228 835
646 220
881 982
545 31
402 584
499 995
80 446
65 364
1000 448
991 294
767 691
104 234
604 810
700 788
838 892
468 451
628 260
46 776
306 45
490 25
824 96
310 288
647 242
228 398
861 390
482 686
423 197
346 794
214 328
470 297
44 405
844 844
801 827
433 900
714 530
4 935
86 670
267 92
923 900
220 933
596 636
496 862
47 214
594 229
70 374
107 894
904 827
446 268
685 3
91 434
332 224
135 997
74 677
697 731
136 549
830 895
92 606
695 394
973 306
126 528
537 273
141 189
18 580
661 791
274 823
429 80
487 413
110 267
491 879
648 574
349 181
214 383
16 264
508 669
809 89
739 280
922 369
358 946
403 159
492 584
876 150
65 615
765 307
820 488
926 4
777 567
431 381
203 845
691 4
828 721
224 277
857 167
171 231
325 234
87 487
483 734
615 193
162 358
424 699
566 219
164 573
502 8
283 313
849 522
229 787
979 331
978 978
899 715
806 98
158 837
962 524
896 303
185 264
5 885
51 894
40 202
762 971
392 577
311 947
230 123
910 531
917 361
215 233
895 287
120 584
544 901
880 121
139 636
858 794
838 994
479 871
572 984
860 775
818 612
149 542
502 769
811 745
695 351
996 815
346 334
619 625
9 841
2 127
439 921
737 594
946 923
944 705
613 794
253 332
844 642
636 377
197 170
687 422
164 353
85 268
338 892
713 679
440 491
396 748
774 2
260 371
988 814
497 235
478 658
704 576
374 161
32 734
782 63
100 171
936 27
986 206
911 323
661 181
859 511
887 149
48 430
957 486
580 429
667 984
335 779
515 112
547 656
502 127
453 897
798 608
590 980
228 853
671 321
763 236
435 38
156 314
513 785
456 970
130 118
367 326
442 151
342 537
386 890
829 785
191 767
348 995
130 357
903 838
651 153
799 574
765 591
87 151
454 222
731 784
915 32
64 907
639 438
264 14
688 425
397 385
63 597
13 124
695 682
451 242
432 157
725 750
384 221
366 849
108 293
616 336
423 588
179 314
85 90
101 101
172 403
408 30
774 576
885 455
513 947
694 885
501 492
615 592
546 919
331 482
848 997
554 239
927 191
759 990
249 721
976 821
877 577
359 481
468 843
259 509
113 956
127 878
866 130
851 903
234 266
69 871
603 96
602 327
324 191
380 409
148 726
142 994
804 581
764 641
779 421
269 499
781 913
450 412
926 107
567 409
439 335
764 685
538 670
691 916
216 106
312 492
837 157
39 806
811 469
129 285
136 402
766 222
268 266
356 803
578 21
343 964
676 851
300 798
982 930
124 316
244 86
930 272
149 842
620 637
762 483
174 42
311 381
446 192
748 794
566 785
586 774
144 993
757 586
103 901
602 276
335 597
667 625
374 822
681 759
911 135
922 91
310 625
224 138
232 36
27 949
117 57
192 574
516 200
809 19
245 349
832 606
893 598
203 533
460 415
38 656
836 545
598 257
357 312
992 580
904 123
1 451
896 75
984 181
23 512
544 233
792 279
548 877
758 192
102 145
843 948
317 928
278 277
40 975
523 681
231 916
976 457
363 122
426 94
6 401
947 282
786 75
399 954
997 913
783 797
488 795
426 609
852 731
399 740
583 44
624 587
611 101
830 811
561 980
907 464
127 837
223 738
232 556
162 379
970 467
472 140
937 523
22 799
199 363
208 408
45 98
561 399
655 512
93 119
6 582
494 177
651 883
637 687
479 502
716 156
232 528
983 269
310 48
266 295
377 878
376 154
371 884
41 475
788 890
267 111
532 613
840 653
182 975
264 458
294 463
583 583
200 881
383 818
839 980
775 676
355 964
306 817
527 790
550 897
647 518
611 200
101 723
878 794
741 83
164 109
132 860
771 21
864 918
153 516
458 286
558 984
796 64
450 35
649 623
579 453
624 661
268 621
763 626
861 267
129 461
322 874
907 393
623 494
969 696
946 950
384 7
681 653
41 743
875 313
438 640
98 867
673 247
648 820
864 433
644 58
539 647
841 864
15 693
914 545
442 250
585 582
955 225
173 667
352 317
81 355
800 822
276 280
359 804
55 88
503 247
223 259
422 701
385 15
602 225
202 347
63 146
325 6
708 274
193 987
398 722
68 632
750 405
459 985
163 641
569 453
239 3
519 117
603 714
870 293
84 441
426 55
398 296
354 467
716 212
435 218
999 635
655 213
552 657
389 402
30 288
175 813
54 560
416 322
641 544
409 139
922 183
752 416
974 17
547 617
169 533
793 525
111 848
45 839
114 909
683 315
173 176
141 329
553 37
46 557
449 821
501 174
636 338
676 622
704 339
474 531
206 132
272 805
66 889
645 247
638 830
552 353
125 573
652 59
431 411
327 290
151 189
476 143
81 740
369 418
564 564
656 972
1000 525
148 105
61 894
131 743
512 957
776 718
39 768
687 846
174 352
746 813
204 807
187 123
963 325
278 460
522 78
62 900
91 311
379 292
902 730
767 33
455 474
931 170
241 510
150 456
18 317
397 546
756 94
950 965
615 531
971 919
714 410
874 234
966 888
267 969
985 367
971 294
915 238
857 255
32 683
249 968
163 889
268 570
264 725
739 3
12 954
243 339
869 538
484 870
897 423
368 648
542 497
134 498
713 59
384 790
739 251
125 409
222 370
774 429
357 879
628 995
45 250
456 742
987 454
753 937
20 63
656 164
129 413
686 993
940 229
308 594
17 436
735 640
936 618
549 171
950 740
484 330
39 291
142 986
265 970
517 317
669 401
930 350
361 123
414 321
99 299
612 466
401 155
980 500
130 143
473 641
609 236
906 476
525 564
854 372
277 780
336 400
960 196
477 950
906 726
30 300
505 107
940 420
108 705
84 187
918 442
968 25
164 43
421 679
264 828
258 497
395 766
506 103
623 335
984 793
724 37
986 343
928 58
319 164
86 694
225 901
167 597
528 648
575 829
925 915
508 15
488 363
471 560
307 128
86 51
700 208
554 452
545 38
487 650
139 834
322 232
416 726
198 108
506 12
44 753
377 89
531 385
741 736
762 356
516 478
805 386
843 694
652 76
95 971
801 254
367 975
386 358
632 774
750 988
153 95
382 208
736 487
392 928
127 745
104 962
153 219
852 911
264 843
787 93
719 800
376 144
29 768
239 731
192 567
186 106
898 889
621 823
162 472
961 19
767 746
345 120
493 491
744 687
359 500
472 389
10 584
261 770
