4811 8966
4043 6461
2479 5684
3337 9426
4541 9121
6674 5281
1525 9492
4922 4449
3904 7751
8515 190
2723 2446
82 1119
4359 4307
330 9644
8663 9369
3254 7992
6640 7850
8867 1817
9609 9867
6605 413
5179 2959
7316 3225
7444 5634
5250 5330
7960 3558
1332 7458
6747 3866
4290 7501
4001 5132
40 7797
2416 8959
8019 2387
9418 317
8939 854
6848 8127
3988 397
7170 7254
2298 5209
1602 2678
6514 5935
6937 3487
906 7990
7831 5115
616 1181
8897 5267
5865 2187
1272 9620
1900 7164
6211 4557
8072 5577
682 3151
465 2939
8359 7637
193 2702
3968 2478
572 7870
2551 6494
4737 2831
299 3231
8224 6141
9688 4224
7867 3751
9335 5492
4081 2119
876 7909
5586 7281
477 7916
971 305
5133 2803
3621 1681
6965 1673
3435 3981
1806 6361
4791 3876
8548 3313
2802 4267
3391 323
7231 7749
9526 5606
9488 3759
6035 3658
4179 2203
8131 9014
1878 1978
2607 7642
6674 5086
3315 6864
1882 9773
6299 2816
8051 8054
231 1295
7146 7988
1460 8552
7461 8685
8195 5096
1547 1066
8173 1764
1313 1667
4203 5324
4090 2927
5653 9831
3753 5918
372 97
8109 9185
6980 8821
7360 4477
7858 207
2751 8428
7093 5696
3450 505
1541 7899
6139 4550
4816 1483
2043 5702
9178 8836
4101 3799
6450 3129
8203 4515
5930 4795
8947 3588
2660 3853
8021 6518
5884 5518
8542 6324
5564 275
2732 2939
7666 1638
7648 9134
1073 333
8429 9968
2100 2198
7292 7473
3461 560
3599 4775
6763 6650
4043 2552
503 7503
9997 1713
4259 6929
7071 5262
3087 6702
5749 8944
8263 3590
1724 8820
4390 2732
9492 7959
5243 1900
1386 6325
1075 5433
6489 3680
6348 738
3039 1112
2122 4212
5705 8185
3152 2527
9831 5458
9643 969
7591 3334
8551 7638
8146 6284
7789 4126
7107 237
6223 8019
1929 2730
2846 8684
8194 7283
9069 6178
4682 6370
4238 4009
4018 18
7545 9665
9437 4002
6677 8756
7285 8603
5845 1620
5572 8461
7907 8326
1579 8825
9081 5504
7067 9343
9930 1698
9131 1820
9820 9537
4514 6303
526 8294
1750 1451
3220 3179
1818 9721
4102 4485
749 4206
9284 2959
3942 8780
5399 7787
3494 8374
5436 2107
8277 5138
8555 3343
7998 5882
2079 5220
262 1505
1996 8870
8237 9885
7114 3108
8384 1358
2632 7138
1884 4345
9598 4288
2139 9165
9845 6865
9169 9347
7716 5388
3038 7944
7622 6972
8349 7471
2407 5123
3397 7652
7143 7758
7827 1952
9895 8303
1981 2935
5424 8211
6110 1766
301 9527
9783 7796
2938 8637
5942 4245
8138 876
355 7970
1615 8181
3364 189
6516 9853
2132 35
3791 1330
9181 3852
6182 3346
6032 3033
5622 3637
2964 5405
9394 957
2443 2706
5221 1789
6066 9132
8003 1309
5308 1258
2384 3142
9869 32
8859 5396
3197 2159
8652 7169
1041 4804
3265 2212
1496 606
5820 9038
7818 3450
6597 6915
9178 7681
9653 209
4512 7330
7221 7452
8709 4520
5590 3105
6275 9201
7551 3023
9053 7929
4263 9327
4123 5664
2845 3488
1806 4999
115 7517
7921 593
3363 2440
746 7548
6778 393
4416 3497
6067 9946
6619 4270
5079 7724
41 9759
2846 3748
5231 706
8170 8808
2371 7357
7257 2472
2353 5410
2320 1907
3487 7396
578 6242
3966 4490
3181 4920
447 3278
6985 2063
5099 6402
9757 373
6678 5958
3768 1011
258 1950
1509 1122
1947 9748
6303 3098
4135 306
2246 5112
8728 3253
146 269
3231 2202
6956 4693
3986 6704
7423 7996
3114 2547
6695 4468
2932 8772
5043 6077
4628 719
2989 5865
2451 940
9748 2685
5930 2677
1965 2134
6155 6831
4924 6257
1322 3166
8428 8151
2285 7335
4689 472
523 3047
9307 9757
9899 2182
1772 2892
4515 6932
5070 5851
6291 7654
6993 5553
3511 6502
2663 1383
5922 311
3579 5219
1378 7374
6974 3847
8490 3426
170 170
6952 915
8938 5216
9831 5112
8914 6578
5961 2973
3960 9053
6167 9432
1628 9175
7567 5099
7538 841
2694 6816
3558 2633
2595 6717
548 7132
9966 5245
7578 5372
2813 6903
6525 4863
8011 6596
8081 6553
5437 6964
2421 3359
8384 9764
2333 4238
618 7630
522 8425
4627 8543
8046 2102
603 9783
6789 8611
212 1487
8029 2469
8969 8648
7914 9561
3494 7403
3171 5791
1436 2593
629 1370
268 5599
4299 6736
3715 9867
9261 8170
8794 6393
1483 4131
2233 8109
1332 7378
6876 2059
6576 7437
4116 2572
6939 8188
8802 5688
5229 6663
7487 7119
5881 2389
335 6747
8126 7675
9583 333
8039 1729
3325 6995
895 3355
6269 6559
3522 8739
3144 7924
2161 6923
1571 3674
8846 8823
4231 1454
6753 6790
8856 7767
748 1209
9186 3939
6033 7934
8384 6997
8030 1439
8010 789
3764 5242
8349 6821
7361 4228
4004 9065
8354 5206
6238 4159
4762 4375
3473 623
9243 539
6778 555
9722 123
7510 9849
3816 9905
5688 3213
7374 9073
5329 7099
5343 9478
7643 5613
14 2930
8872 1561
699 3221
763 9634
5026 3122
9269 2639
1054 639
4660 3006
9468 7567
5327 6899
2743 8227
8606 8302
7621 4333
4445 3309
9462 3410
6702 258
4560 317
5269 2292
5952 7036
3014 6536
7770 6094
5347 9804
2269 783
2750 7111
803 13
9218 5488
1582 5100
8360 6220
2121 9646
9498 4134
5508 5024
8127 7434
4909 8514
1179 7113
7302 8433
2821 9669
7186 9993
9235 2205
3975 4729
372 7682
9448 3382
6359 8549
1912 9482
6234 9010
5978 3413
3504 5041
6433 6639
8177 4033
7516 5402
332 9260
9897 8233
9365 8155
7515 2405
6282 5442
3702 8675
5828 6171
1893 2728
7393 4202
6686 9474
784 5737
2396 4908
3274 5946
2548 5404
2793 9486
3088 7279
7552 3069
4764 3811
9072 8532
4234 6162
3573 9773
5982 8913
8992 6449
7149 7119
9750 8761
2739 5418
1233 7615
9299 3252
7312 9320
2094 1599
7800 1351
87 6318
2762 6834
3341 337
2409 6986
766 4215
7692 6549
4760 9245
4532 6095
797 5580
462 7034
53 6498
4758 6673
9869 8939
6914 8193
1937 4668
5731 3796
3600 4226
1443 1140
1107 3821
4688 4463
6762 4019
6507 7872
1773 2849
7826 6185
8833 2448
7520 2309
8027 1984
5714 744
6261 3269
2745 4784
6551 2605
2882 9495
3419 6158
5842 4147
8988 9313
4209 8471
1182 9173
2364 586
4319 1467
9673 4158
3446 3209
2021 9317
2095 8109
6000 7376
1114 6529
4609 1899
5658 8480
1673 2258
7237 8178
2342 3684
7850 5969
7843 4207
8636 9855
9580 7228
9500 3824
7890 8974
715 4
6842 9207
2264 9902
2019 8793
6735 3062
795 8208
3244 6646
3869 1267
5025 916
5266 6933
9547 5983
6040 7989
4627 8667
4497 4914
7420 2073
3686 6269
2169 9808
6752 4840
6028 9171
1556 8088
925 8899
682 1379
3252 9129
960 3982
1198 7942
4253 6918
9450 2483
9088 5582
2483 3863
57 3958
9270 5626
6253 3406
4026 6528
4529 9208
1640 7123
5159 90
5574 2564
7441 8794
7669 4599
5287 4039
8672 9593
4917 7100
1604 4039
6712 8217
7452 3425
4074 3387
4305 6860
2536 3660
9914 6773
1155 7625
4166 3109
6394 4826
175 8380
4260 3584
392 1020
3701 1065
5618 5877
5378 340
4138 8941
3913 8688
4954 2218
7446 711
1224 7498
2976 7485
2925 6758
122 3497
7954 9044
5040 7955
8409 4111
556 2590
1778 7232
9233 3383
6636 3965
2534 2284
5159 6253
2482 4591
4944 9477
1264 5615
7415 8215
5768 9281
5931 768
796 7652
2547 7686
7222 9639
4143 1284
3700 51
6874 2860
3617 9315
5042 1627
2640 4613
1195 2945
2689 6113
5692 9642
3226 5611
766 3604
2831 1428
189 8488
4310 7425
5972 5097
3848 2282
9409 2569
3430 5333
184 7822
95 7687
236 1850
9605 6073
2647 5971
2567 9765
1026 8451
9691 8790
2617 8426
20 1550
1635 8646
8792 723
4213 2041
1185 1723
1995 833
3495 5583
9957 8377
6566 8220
6614 219
9757 4497
9180 605
7174 1296
6100 1601
7285 8371
4622 1856
6292 5771
4517 7720
1020 9667
9805 406
4564 9947
2905 6892
9394 6189
8383 8166
5832 8598
5667 79
6719 8999
6713 2247
7709 7940
2984 7418
1112 4672
5600 1165
240 8166
5143 6686
5480 7019
9329 7520
2381 6105
4306 1053
8177 3279
6967 8145
4195 576
4048 4591
6898 1791
5098 88
3940 4602
4161 6631
7239 4650
8750 2529
5640 8620
9521 1887
1902 1259
5421 6295
3689 4011
1450 2119
3101 6240
5369 4095
5640 2102
3160 1890
3391 9593
7009 518
7527 2648
1396 8328
4468 2875
2091 7614
6105 5251
5879 9622
5056 606
5928 8632
2221 8719
6718 392
204 5335
4326 8201
9891 8160
5151 3035
1457 9900
1726 1205
8056 9337
2830 9377
5950 9899
6100 5676
3835 7248
2928 4104
1631 8862
8236 461
9719 7762
865 4776
1906 8655
9473 1873
1659 6743
1087 4651
3080 6863
1114 7029
7970 8963
9169 1953
8476 6370
3659 644
6649 4667
1922 3060
4842 123
6293 5681
3688 8930
1315 6917
5447 7309
3905 6217
828 399
8942 1044
9799 8704
6692 865
9069 7512
331 2482
7014 6674
2001 2114
9031 6257
8611 3942
2480 2267
556 2375
6205 80
6018 7219
7774 7142
4061 4094
9418 9675
3242 4448
3645 1865
7563 2925
7395 4983
1658 1160
323 6470
1396 2377
9210 8683
5114 7238
5431 4287
1028 3872
5005 6256
9565 849
1534 5801
4763 4080
5001 7018
5639 7981
4844 3004
1660 5068
7107 6111
3977 1899
6075 4881
7417 1443
8612 3976
7311 9999
2751 5084
1720 9591
362 5153
9263 2588
4561 7419
3842 1200
1681 8398
8343 4703
4819 9239
2718 3952
3168 2892
5622 1