2627 3682
3220 3941
3006 2867
1369 1121
3476 1
2489 730
629 1994
163 520
2304 4504
2868 991
1339 2963
926 2903
3049 4878
3162 3133
1792 765
3895 2599
3429 3711
2386 2582
3355 711
3962 3927
1703 312
966 748
145 4490
4443 1239
4240 4242
2083 2734
4304 1509
3728 1598
3130 1614
1986 975
2259 3732
3832 346
977 4842
1843 4
3190 3347
734 166
4933 3392
4250 2003
2907 2821
3964 433
2715 1121
1345 3253
2149 612
55 3231
1586 2981
1575 4245
3229 3328
4130 2339
238 2979
3761 3599
2409 2252
2753 1177
3905 2144
4292 1107
175 475
1610 3782
1420 1277
1632 4627
2379 1970
4179 1837
4773 997
2115 3984
4972 2242
647 1332
801 1307
3349 3293
779 166
4866 2040
3396 1414
2010 4635
1151 117
519 316
2060 4027
4284 4805
2015 3350
1388 12
3162 896
2983 2198
4030 827
3671 932
1760 3996
2867 4869
3047 4731
2187 1080
3856 1332
4208 1686
494 823
1958 1455
3480 2014
679 3770
4470 1421
1488 4110
929 323
4606 2784
4473 1886
3229 3469
239 4503
4665 3281
4183 4620
1100 3434
1394 1437
3398 4679
3609 4151
2598 3831
2164 499
2490 3614
3213 1483
201 3246
2011 1576
1770 2386
1313 985
201 3688
3576 1449
2241 596
440 2779
4698 4550
657 3992
3295 4056
256 3083
4178 346
4563 48
3272 3471
1480 4326
1178 1838
3208 2776
3707 2183
4893 1771
1856 103
2992 4197
1972 3717
3566 2964
1876 3457
2002 2998
3060 2727
3116 239
1945 2200
2823 765
4818 4430
948 3714
2713 592
4308 2029
3100 4905
921 1725
3959 4251
1282 3238
2016 1393
4999 1454
3409 3497
1560 577
4548 2675
4521 2548
2786 2016
1050 2841
4681 888
2754 410
4941 2624
4307 1638
1528 3035
4618 4802
3652 4495
1986 852
1099 1559
4508 2401
856 2655
448 661
167 1284
4956 1414
4354 124
3691 659
1116 2671
2289 3406
4938 457
2758 3662
1223 2695
1532 4583
939 319
375 598
3001 2231
2882 898
2332 2207
2231 3247
208 3676
3538 3145
4158 120
2327 3377
3253 519
4327 1674
3076 59
3508 2850
2623 1055
4753 4960
1743 2015
1381 1205
4289 3226
3149 407
662 3330
1643 3807
442 2022
1528 718
1760 426
3246 3816
3384 4102
4706 3590
1223 683
3690 2060
2723 4791
1011 4534
814 3987
1184 1824
2195 687
390 1484
3539 462
4729 4197
4317 1319
2318 2477
1634 4892
1198 2537
1087 2919
4884 4039
4561 2882
4231 2325
1768 2767
673 4994
484 2700
3351 3314
3089 4618
4918 1692
2955 2741
4720 1175
2868 4934
3571 1012
3575 2514
4683 1317
565 3242
4556 1131
1057 4942
2382 1030
3563 2742
4230 3579
2247 2938
1383 198
1128 2217
1292 4871
3876 4627
2421 4828
4480 996
46 2080
374 519
3964 4828
3664 1276
1982 737
2273 978
2916 4698
20 4293
4255 587
2246 4662
3235 3611
4286 4455
3513 4162
2409 3159
1985 2081
1729 3245
3992 2991
2226 1992
3199 2721
878 1711
4354 3981
3171 1665
1432 2982
242 1021
3360 1219
3321 1398
4709 3342
670 4693
722 3561
4593 1700
3045 1902
2454 4468
3661 1276
1903 1282
2037 1747
2076 4617
2231 2284
4896 4626
4016 3580
3805 3804
4218 681
234 3792
2727 2481
2381 558
1114 2394
1419 1943
4739 4509
2326 4915
4346 1649
4221 1708
2800 3625
1085 3581
3518 2689
3886 863
3780 4081
3009 4936
4450 1182
3801 2041
971 3407
3204 409
295 1065
4591 1266
2399 2609
3368 1674
1502 4124
1714 809
3104 1309
535 2766
2541 1025
460 1663
3327 3543
1974 4896
3578 3394
258 4795
4277 3039
4017 852
2204 3665
4342 4204
4663 988
1519 1126
4316 3770
1324 1882
3845 1087
1856 4031
3127 1075
1879 4637
3185 4923
3403 895
3754 4243
769 4207
160 105
3763 4026
3555 4560
4839 191
1267 4833
4315 3326
173 2460
2490 2940
3903 37
4690 451
4257 1116
2169 2305
1428 2453
4580 556
4723 273
1509 2806
3275 1181
2858 4231
3099 321
1003 2351
3307 1346
20 3978
4588 1419
1765 3481
45 1415
9 4337
3695 3537
772 4152
40 3415
3758 72
1267 320
2807 4086
2070 1489
2084 1289
661 1193
2497 3471
2830 909
2098 2155
2295 2548
1313 2747
4867 3690
4728 877
382 2148
4150 4978
1829 4979
1291 2216
3227 3513
995 2662
2158 4083
199 1929
1498 1384
4889 633
1468 787
4288 2906
526 2199
431 4107
3617 2799
704 4972
3303 4795
3475 2009
683 1457
1905 188
275 4636
4967 2778
2826 2323
2752 789
2012 1372
2338 3888
3641 4330
2251 1699
1007 3789
2099 2639
3150 3485
237 2573
2480 492
3142 4620
91 2934
4138 4317
3658 3117
468 1166
4718 4648
579 1299
4985 4187
103 3540
1060 4151
4253 391
4203 4805
3378 4254
3071 2112
4876 912
249 3507
2615 1698
1593 716
1486 443
1766 4356
620 4659
3809 3145
2111 1966
1271 1663
3358 3733
1272 1073
743 1174
3290 3824
2070 1625
4699 4515
676 354
3008 352
1215 1192
3801 3127
2289 4046
2991 1419
382 4392
3560 3035
2836 1087
4332 1118
1819 477
1987 684
1399 3594
4637 3476
1510 1940
216 898
1390 3848
4111 1234
2875 2050
969 1107
3384 2938
2755 2867
1594 1535
2148 3556
2012 2635
2835 2723
1111 4499
3967 352
2486 1199
3637 329
3565 4262
1438 4822
389 2642
1419 4594
1484 4644
64 2499
4255 2825
3506 4797
181 2150
3059 3884
4934 1462
3914 3195
2854 1776
1011 2160
4385 3082
4493 3500
5527 8165
87 3346
7832 3436
5113 9201
7575 1216
7685 9318
8611 5016
2524 5244
8006 7380
4219 2806
6017 5582
1309 1719
4381 2540
2186 4058
6493 2447
8687 8348
6276 5006
7509 4193
7738 7477
8113 9935
7801 9168
1411 8440
7181 1844
7353 7952
5126 7404
4566 5713
6011 3409
3085 8324
6460 8376
2132 9480
534 854
1807 8755
5478 8326
1065 5612
3679 5910
2518 8593
469 1166
4970 1396
5794 6188
9964 7801
8846 6193
4410 1250
3590 7985
9369 3314
7149 5789
8070 5741
2994 8217
5109 1231
1831 8260
7005 8910
8574 3671
4758 7326
824 6801
8693 4105
8744 8850
7132 2978
2395 9323
1117 9117
7614 3117
8862 6091
2575 4668
4795 6566
1015 4452
6121 3512
3597 3005
5769 9442
1437 5385
6483 6541
6087 3960
9313 892
5537 4159
1553 2051
8938 656
1789 6077
9620 8616
8442 259
5323 3280
4362 5153
1327 9017
1827 720
1669 3213
625 751
8736 6746
6732 9509
4442 4063
7537 6267
5241 9851
3494 4400
8510 7954
8943 4484
4021 9634
3608 2193
7503 7077
4162 9609
7410 4624
1001 4963
7663 8370
5260 9884
7635 1248
8574 9842
6842 5732
9987 9418
653 43
7792 749
5071 4247
144 8155
1773 7826
621 6656
5531 7001
5312 8792
6174 2800
7946 5900
3641 1730
1422 6103
3706 8172
5304 6827
4741 1815
6091 4617
7019 8106
9429 1733
4312 7985
5544 2675
3496 8865
4576 7683
7299 8071
2574 1052
7275 4572
1844 6840
1934 6670
1816 3316
8284 8582
1723 2181
9631 6372
5618 6268
6095 5434
8596 2848
5384 8538
9979 3799
437 7069
3351 307
2887 8478
9525 1776
363 1209
7438 9296
7228 9717
3529 7933
2768 2367
6628 9993
4132 5933
3686 8669
8818 4366
1016 4930
2219 7607
7369 256
5866 9319
1068 1907
8536 6723
1361 7923
3588 3157
2605 3463
4739 4303
5821 8459
9968 7609
5783 3954
9462 9326
6287 3537
7525 7373
8781 16
9140 5963
5572 7342
6575 7342
179 7585
5027 4436
8622 1261
6975 3910
8660 2577
6485 6241
4508 4965
466 4079
9907 663
660 3399
562 7169
5700 837
5342 4448
3165 9888
9844 8462
3246 7813
7859 9937
3609 5404
5766 4458
6525 4191
3684 7481
3379 2131
8570 8320
9493 7859
3750 5362
4312 4374
7645 2805
882 1675
6853 653
2063 473
719 9432
2087 6515
8685 6035
4254 828
4456 9847
121 5553
9051 9909
8770 7585
2832 6946
2051 5835
3978 1601
5459 2636
3883 7819
1624 5892
2273 6808
3221 1631
7760 1141
9629 6801
5622 3511
2387 461
8117 5970
4794 3473
4794 5551
6237 2953
7100 2809
3965 1698
4373 7452
1232 444
2829 9751
5130 5564
8929 3882
1197 8673
3126 8902
1450 8167
79 6921
1494 697
5013 1299
5370 8649
8457 7044
8733 6992
7169 5998
8401 2358
6904 7609
1493 4482
4106 5486
1082 5700
7136 3048
515 5334
7686 2943
2277 534
9351 6556
5723 1369
7526 8400
7017 5175
816 6371
7624 6473
1725 8911
6463 3406
7502 2461
9524 9391
9994 175
7098 3547
2061 5557
6644 5579
671 131
6460 2081
6760 5034
7927 8154
5190 9822
524 2086
306 6176
6521 6353
7887 1620
1643 3819
3625 1122
35 4786
9814 7995
2394 8799
1515 694
9636 2007
2668 3474
2113 7545
8026 1304
1431 6385
3739 6788
905 3802
7006 8736
5353 7373
7337 2760
7541 5113
4206 3586
59 8149
4968 2558
5394 4097
1809 2613
5159 1747
4336 5089
1949 9510
8923 7954
9784 3999
9717 4943
5010 9462
8597 1212
3583 7728
4500 5839
692 8288
9983 5017
3768 5882
9450 7774
6616 1549
4077 1538
5359 5718
6740 2358
3100 1285
7394 3734
8301 1486
969 7768
6236 7124
699 2418
3023 5548
5319 6110
1472 2400
4352 8287
476 6300
3116 6233
2226 575
9781 5151
9453 6309
4464 7689
3368 9707
2245 4102
1907 1976
757 435
6364 17
1221 5178
5798 2394
6403 3575
8942 6937
7886 2288
8970 3413
8417 3149
9784 255
249 9793
4601 1996
1523 4453
4103 9252
388 2567
7349 5367
2025 9728
5559 193
9216 4531
8886 5154
3833 8868
7371 5648
7010 7758
5444 2602
8705 2918
3398 7899
7104 6451
5341 1622
7682 8803
1362 1506
1347 645
9217 7676
4940 6199
4317 4413
7977 5999
9207 4906
295 3647
5613 1311
7753 5952
1461 9747
8699 9553
3823 222
6106 5441
8387 4485
7492 7993
3690 1686
3269 303
6700 5299
523 7897
3559 769
5631 2581
6099 557
9101 1672
1972 7384
6511 8217
2898 4722
3618 1119
9154 2834
7370 9096
4245 5236
4808 7845
605 4017
1094 4989
6008 6358
6146 6779
9693 1196
637 4125
6017 4864
6003 3096
873 5321
4541 5497
1409 5488
3420 4961
8544 5577
7328 4223
4656 4532
8077 6482
5789 8563
5544 9117
5185 2510
2913 3100
9575 3878
9962 4131
7879 2326
6332 3615
2123 1920
9810 72
9352 5514
8704 4525
2321 909
4530 650
1031 761
1774 3241
19 2291
4079 6361
5884 1082
6637 5879
3298 4533
4751 8889
71 7367
499 2731
1835 1689
3703 2223
4717 2691
9159 6665
1638 2781
4213 8271
9389 2755
3398 8798
7838 4530
4262 6152
9069 9346
8878 8211
3057 1790
4255 671
5880 8785
1361 4184
1752 9740
7404 1846
4729 5348
9390 3652
4734 1089
6176 2354
9998 9215
3889 2236
5079 8254
9932 7908
7968 9274
4388 7636
1940 3610
2668 4386
2310 2347
2862 7006
2736 4643
5379 1139
8816 5823
3478 1810
9966 2760
3708 9499
5244 857
7186 9023
8294 5474
8311 7940
1227 9857
5854 1723
3299 9590
5205 9799
6671 5836
7690 7044
6390 3858
9936 7981
9954 286
4318 7679
5821 8558
2368 7624
8735 637
1747 3980
1015 3523
5511 4224
2049 8287
569 5907
7461 8983
7570 9168
201 9996
9412 541
1718 4068
7880 3135
4698 3535
4825 6021
5874 2009
3786 1767
5439 1360
8849 1477
3642 6350
162 4128
6615 5934
8952 3093
3223 7724
1426 6461
9444 8012