100 10
100 100
523 554
931 888
361 329
435 229
860 977
155 951
654 65
369 415
269 125
493 424
663 134
608 203
104 588
538 93
823 747
200 501
595 959
129 722
17 601
260 819
180 653
672 826
416 930
742 834
412 464
513 876
390 517
974 633
91 406
239 650
960 367
80 786
886 121
162 182
274 22
891 339
924 902
658 362
322 892
767 507
907 553
887 245
97 171
301 397
538 295
396 668
632 984
241 737
496 160
942 344
464 490
517 4
425 65
333 420
473 92
404 881
322 590
800 690
13 218
222 526
533 345
975 93
370 693
267 233
914 766
311 206
135 305
218 431
407 293
5 869
450 973
806 587
113 554
348 796
664 984
312 620
602 899
312 361
399 201
270 301
205 722
961 635
144 484
658 308
569 904
816 706
912 304
952 926
849 425
743 422
524 436
536 410
567 446
856 61
457 461
363 214
114 321
288 532
825 455
151 423
226 918
388 123
680 883
120 641
275 338
959 604
747 834
819 102
496 710
508 167
950 795
762 177
747 726
783 987
676 701
591 109
514 97
529 163
354 926
214 744
74 404
545 495
144 686
585 19
215 726
781 809
575 38
822 462
341 99
18 827
224 789
165 543
599 470
217 294
412 834
497 54
354 903
485 362
853 14
427 412
111 791
904 396
176 247
232 739
795 296
6 264
604 230
112 429
491 687
955 190
510 613
337 823
475 320
652 105
142 74
902 761
589 505
261 940
178 45
982 329
405 887
736 432
87 375
239 143
954 447
475 4
541 628
175 561
4 103
968 945
850 488
974 762
552 904
724 214
57 874
618 759
589 806
335 986
749 12
726 469
17 78
216 656
726 330
214 74
916 560
534 111
39 634
584 543
732 581
43 656
317 961
355 369
939 848
852 604
389 538
137 250
502 926
626 678
107 813
727 514
533 803
548 640
349 786
967 205
17 256
232 914
138 505
238 700
457 483
791 836
223 203
653 41
558 395
904 225
834 735
770 819
668 367
841 846
295 774
424 834
841 70
984 84
148 583
921 961
63 138
818 158
179 486
669 301
560 427
807 709
449 725
10 14
196 636
328 558
97 302
917 869
984 198
532 989
548 237
955 737
864 272
817 692
51 60
177 919
567 519
841 985
64 797
527 915
418 289
385 754
399 849
30 586
66 250
979 704
637 447
982 249
757 862
243 8
890 637
640 786
650 879
896 588
506 54
381 111
726 314
803 44
144 222
822 81
663 231
897 897
342 647
754 357
995 363
645 636
607 251
24 146
114 489
683 49
575 896
78 47
641 60
573 226
892 249
766 185
988 32
705 155
803 514
802 519
226 664
258 205
510 270
338 672
977 959
728 436
292 718
731 486
95 437
476 381
754 685
822 463
394 279
83 336
476 894
774 643
550 577
811 795
920 264
378 241
768 491
388 152
949 356
815 65
217 425
720 502
589 488
549 541
920 893
830 411
30 724
103 795
338 191
439 526
391 530
432 859
960 630
863 748
302 832
292 79
103 669
294 735
621 272
662 438
855 396
479 995
851 490
66 684
77 989
550 226
137 438
362 938
193 851
169 365
664 755
780 118
873 135
251 685
631 120
70 801
582 475
380 241
238 490
531 215
372 494
841 856
709 459
204 630
762 903
427 688
213 598
412 835
44 93
156 367
374 820
56 447
323 353
922 132
673 128
341 37
631 678
449 341
408 914
54 553
292 890
576 43
48 375
985 312
293 583
613 220
28 238
129 129
1000 999
125 607
771 98
4 56
790 108
923 515
858 162
898 600
684 706
958 424
588 585
319 708
503 495
392 343
298 374
719 47
945 687
916 927
724 115
612 308
984 592
232 493
309 611
417 598
734 222
292 901
692 958
515 208
342 462
984 498
850 416
517 474
730 320
897 777
224 381
984 471
864 282
149 260
651 680
453 580
897 984
995 372
460 572
404 334
347 283
713 883
274 719
738 225
319 685
210 94
571 388
590 249
265 653
57 543
48 38
537 606
828 992
548 91
377 540
91 913
189 511
414 509
729 17
245 613
25 352
851 811
728 181
686 374
177 293
771 284
429 377
680 963
329 616
947 3
474 324
544 193
629 646
658 385
348 611
484 33
855 852
360 183
815 54
255 337
580 734
948 48
97 322
914 801
193 517
813 81
662 370
906 126
252 558
564 261
695 199
187 115
786 650
163 425
567 671
847 925
504 276
157 83
307 517
372 463
131 576
367 755
830 450
156 651
945 803
818 807
579 977
943 324
68 990
793 56
655 684
444 727
686 268
767 146
400 363
254 394
938 146
496 727
768 693
994 30
174 517
213 500
258 54
151 583
115 834
657 427
632 248
81 799
432 297
490 821
907 198
685 186
733 664
35 149
154 56
983 518
224 208
516 949
584 158
498 82
582 561
219 817
70 116
402 964
290 107
542 943
838 998
19 150
764 166
513 72
546 211
107 89
783 634
206 142
892 446
915 507
443 281
516 964
506 839
338 791
190 454
562 229
921 809
416 289
423 816
826 782
942 940
437 689
974 371
649 670
461 774
346 719
475 344
923 194
104 648
655 891
734 730
366 629
110 585
69 600
93 552
262 882
290 855
657 523
350 117
273 71
863 561
619 562
710 372
189 908
669 653
292 875
487 691
208 215
923 918
678 32
213 499
562 960
575 716
542 763
211 233
915 481
208 14
624 570
341 145
447 34
41 532
20 479
805 190
782 415
72 612
922 760
761 631
884 673
538 926
937 618
119 17
103 90
152 146
759 843
923 412
552 313
834 285
122 635
890 425
704 631
101 349
774 643
457 505
664 819
630 594
163 914
79 588
587 233
490 946
29 974
120 820
142 89
836 808
358 403
106 595
178 554
425 22
255 157
95 51
974 249
711 305
659 875
403 405
887 634
276 132
445 407
68 243
321 130
565 884
441 913
964 514
412 59
739 585
762 27
903 144
30 622
22 950
966 146
963 606
587 172
600 25
158 144
176 412
188 753
791 152
548 153
122 19
112 772
447 619
611 571
156 469
144 780
13 965
173 541
662 646
691 628
82 466
124 398
113 636
927 58
185 675
39 587
547 424
722 845
860 473
192 711
860 979
938 61
434 81
221 109
340 460
676 261
72 776
733 825
94 64
650 924
397 755
558 213
406 467
384 610
921 249
267 59
252 508
366 874
403 772
865 61
971 261
758 359
253 515
904 923
382 495
457 917
888 521
944 9
493 77
99 836
368 864
886 400
770 151
198 87
40 668
789 609
881 872
33 628
650 700
926 940
226 852
83 924
144 481
489 705
442 890
514 859
842 56
560 743
518 4
994 716
279 517
985 497
874 918
3 359
141 454
481 478
541 300
543 936
816 942
492 687
273 218
621 131
63 661
271 41
784 830
571 665
543 629
544 55
505 684
137 871
44 252
918 444
207 830
38 400
239 89
22 188
254 44
587 7
609 472
917 558
1 949
693 278
903 924
903 499
143 535
642 162
838 90
1 169
853 448
33 21
620 998
6 735
187 169
41 606
625 983
685 704
425 950
977 931
361 540
744 418
295 555
524 136
839 999
266 983
226 907
402 973
320 339
277 289
899 373
785 180
926 51
897 286
376 174
879 318
92 634
376 568
477 62
868 9
453 294
62 767
83 943
363 1
32 999
828 512
711 587
92 56
830 9
556 735
626 38
324 462
808 244
593 510
779 177
719 715
185 466
455 948
464 855
958 44
869 73
98 389
841 908
134 258
328 283
870 117
752 667
263 500
600 204
684 167
398 212
596 208
556 814
368 603
938 111
858 803
183 160
561 819
459 723
821 533
828 50
361 51
4 792
414 168
588 686
187 183
88 714
869 559
971 134
677 878
169 453
970 220
200 327
920 268
488 344
783 593
730 87
694 922
329 961
989 7
107 119
428 271
775 35
966 145
615 622
743 354
557 276
955 888
884 788
490 399
212 819
957 269
561 324
489 933
343 671
469 478
813 773
258 148
908 299
521 831
389 862
421 530
381 996
768 770
632 636
894 345
631 916
2 214
313 524
348 806
8 615
62 979
82 162
462 116
344 68
421 906
584 383
916 315
814 637
524 682
707 952
727 731
410 649
615 833
652 763
877 117
245 975
379 867
921 787
297 151
109 270
808 317
941 452
932 540
412 877
954 569
891 865
513 922
614 961
331 286
79 748
916 443
629 197
268 693
136 867
842 760
120 298
538 557
464 76
27 217
328 639
226 926
604 440
898 106
388 403
100 956
53 458
147 847
328 284
258 144
125 712
486 652
422 174
643 389
212 293
633 980
802 200
448 869
783 122
855 773
513 295
810 715
990 44
301 738
872 376
731 916
690 36
555 697
984 215
704 457
252 242
491 64
560 377
837 9
436 354
688 783
390 476
687 57
107 809
345 711
596 892
214 214
202 748
848 33
289 872
681 71
903 626
656 799
463 522
815 373
495 867
595 220
94 718
140 912
484 511
98 907
976 129
561 535
508 626
714 410
294 792
621 739
107 794
316 422
480 809
294 893
4 309
928 198
792 10
705 977
825 597
532 91
197 752
364 896
693 694
970 798
