3050 4507
5318 5379
757 9249
3907 9008
9610 596
8861 6964
5533 2663
8538 9918
5632 1942
7968 8439
4203 8149
1814 8379
2091 6789
2569 2624
7147 8842
3566 5417
3685 4494
8024 1981
8593 2921
6408 9691
8078 7117
8098 6711
348 8837
8020 4213
5618 9083
6742 8832
4266 9986
8783 2253
5166 2304
4262 6207
7318 2172
7786 751
3669 6774
564 8455
7941 4462
2788 4593
4717 8968
2899 1245
6966 3986
3751 1261
4366 4596
1970 3902
643 7394
6020 8817
8142 8411
719 7614
7629 2034
6010 686
4211 9459
4889 972
8791 7015
5744 8053
9995 3587
7147 972
311 7915
1249 5579
9497 4167
3901 6605
5082 9927
4399 3841
7906 9034
8692 3166
5727 5734
1317 6723
1628 8485
2535 741
2112 71
6088 345
7122 4377
5173 4540
7681 6793
6114 9350
7949 2567
6516 4372
8983 6130
5805 8284
9413 6769
8042 689
9134 3969
5435 6041
3711 6498
9603 6095
3829 8036
6184 7001
6120 6677
4770 5331
6649 2622
9203 1442
3708 306
8932 8242
5685 2616
8763 73
4446 8108
188 3626
5673 4095
7464 6901
3866 8723
3013 3585
2988 212
5302 9874
5602 2783
4845 4259
7760 7383
7363 8734
1235 4982
2490 8826
976 846
7615 4968
1530 6865
2854 6825
6557 9609
724 435
626 8311
1717 6227
4792 5591
4071 1743
3690 7644
9357 7627
9447 3619
6219 5506
8671 9896
6937 2401
4067 1568
5767 368
2542 5545
1662 2671
3304 9542
7291 6875
24 3412
5729 8051
6851 4639
2647 6028
7698 2038
3993 5548
8194 3198
1357 153
6765 944
8869 1171
9815 9502
9509 5596
7561 9259
3824 5365
656 9351
5176 7884
1234 8122
200 5283
2823 2743
4823 1831
2934 2028
4648 4813
9878 6900
5945 2200
9069 8848
7328 687
1157 1078
4639 7229
3668 1702
2283 3832
7321 9809
4369 5975
2093 9953
6941 2311
9197 9276
149 7516
7993 4320
4394 7159
8817 1996
6307 894
8234 2860
7044 5731
6623 2497
4176 2190
8914 8099
9811 4617
1774 743
4437 30
155 6574
964 7556
4402 4013
1294 6333
459 8735
5688 3760
3989 6297
9994 3273
2855 1464
5676 8984
6869 1916
2811 811
1208 8365
8224 9274
1967 273
2478 1446
6092 8534
9052 9343
4108 275
6656 9017
3781 1975
7443 1551
5119 2728
1872 7570
789 5669
888 8064
18 6646
8956 1173
6710 8750
3341 9618
3681 3833
2404 7244
3336 7563
4276 4308
1871 8262
5486 5968
64 9514
758 6783
8266 8084
6945 7563
6202 9994
3609 903
585 2145
7697 4348
317 1905
5643 8201
6336 25
9724 6275
6770 630
4668 6000
9008 9816
5125 705
147 5559
1114 5200
5416 3985
2474 7839
2380 6055
327 1627
8816 6604
1443 8913
6785 1670
5847 8912
8461 6031
2820 8255
1112 6522
7908 3669
6725 8077
1642 3618
1840 4628
5289 2005
4197 3480
7806 6351
747 5685
3753 3322
6904 5826
744 3058
5257 8275
739 5013
1974 8687
3303 3684
1625 4544
2449 9054
4947 4525
153 4005
9954 2342
3946 6582
361 6249
1856 5669
1265 6830
5553 8357
6509 152
4772 8397
3433 6113
9681 8130
4346 8928
6740 9662
5522 5133
1711 3643
2804 1247
8767 3718
7657 3169
2924 9582
7787 3823
1945 4148
8115 832
9158 8703
2493 1993
361 2684
8445 8896
4879 8664
8144 4392
3290 5395
3568 2661
6047 4417
6454 2150
2581 6758
802 7696
3915 3781
7608 9521
8530 8539
9410 9383
6022 9356
2114 6269
834 2747
6994 4126
7950 5766
2877 8060
1331 9248
2634 5039
2958 4550
5809 8827
6465 1919
3215 4103
2159 3340
6558 8111
8089 5304
8942 980
5101 807
4794 7171
223 5963
5566 1664
4373 4587
9294 6414
3975 495
2511 5478
1421 523
1292 1975
5288 3947
7820 4957
297 5652
3316 8993
2554 3105
4792 5794
4069 1868
4635 903
9736 8795
3341 3643
7347 6667
2464 4259
6084 3704
9906 2969
7431 3903
757 6855
5252 1683
6319 6896
3075 4204
2176 999
6340 5913
8084 8203
4315 1206
8615 5394
2108 7354
1422 8419
4369 3435
6037 1311
8405 6762
7610 1347
4788 108
1124 3353
5492 8088
3178 8383
6187 8736
4228 4534
7211 6106
2254 2215
2935 9217
3532 1660
2983 793
986 8948
3922 1012
278 2642
6876 68
8984 28
8023 2119
7212 4354
8693 4759
7576 7609
6453 2313
4922 6174
5415 5155
4361 3418
1862 6552
7320 9160
7456 395
9376 5177
6698 6004
5098 1914
9960 4328
3323 2510
8707 1796
4428 3621
1277 3384
9926 4369
2833 2856
1982 3596
4829 1419
980 26
7217 9650
5955 1873
9192 4507
6980 7289
5796 3040
4720 3828
4649 5966
9442 6339
3694 4411
3905 816
5304 7360
4880 6694
6707 1021
8519 3391
8771 7539
4041 9722
5504 7306
2228 4758
4953 9034
5457 3515
6308 7893
1194 558
5378 9977
5167 3164
1431 633
1485 3547
2467 7770
1951 4007
1116 5448
2101 2929
1349 7957
1564 9734
6039 7245
2645 9295
7577 3220
3490 8784
7786 9500
4022 1508
5600 6933
3136 703
6584 2444
9393 812
1947 6437
3381 5433
7807 562
2475 6587
6172 2603
6884 441
9210 5560
821 1368
6351 7371
6748 7564
6519 1905
1983 549
8019 768
6765 2713
6588 9092
6865 371
7986 3861
5648 8008
6368 5829
582 1371
1136 8385
1055 8262
6643 7488
2502 1412
1567 6856
3166 61
4306 9195
703 1778
7328 5390
3158 3004
596 3642
8709 7581
701 304
6998 940
9504 3606
167 2965
4120 3824
1445 2763
1740 7228
6004 5983
6575 5183
416 8268
8263 2506
4288 1553
350 9104
5950 1362
4808 4155
8549 9433
3467 5430
5583 1856
5779 9842
2933 100
5735 4464
787 2827
8537 5005
1744 9540
6340 7203
4638 4370
9973 6385
9638 1737
579 9464
3720 6033
6204 9539
5071 6017
8914 3767
3332 8754
2323 6413
4394 610
8292 7686
9987 293
6894 2460
7839 5121
1056 6991
7299 5349
5855 3527
6206 9143
7681 6408
7037 1791
529 1227
9152 65
3520 5853
3070 8225
4608 2457
6797 2263
3384 3956
3601 9333
6588 3547
7120 2197
3093 8822
7777 6239
6427 4928
3800 9468
9642 8802
6345 4564
5563 4829
9926 9013
672 6885
3695 8297
59 7196
3521 1044
2238 8244
3698 5613
8021 8196
9775 443
3625 3441
4216 8400
837 3026
1664 6208
3680 7442
6882 1141
755 8006
5592 1075
8525 1119
9000 247
5163 3173
8388 4708
6284 2349
5405 5209
338 4166
1980 7735
8430 8614
6599 1836
2451 1444
6974 353
5813 3510
7228 1582
8975 3599
4753 1551
3054 8231
5906 4097
4149 41
2364 2415
6289 9625
4186 6325
4435 1308
6769 4085
8815 8830
5736 7028
7043 496
7681 1358
3792 4672
6819 3336
8639 2443
4863 1177
2049 3290
2084 2679
7608 5875
8681 6800
7367 659
6864 3224
9998 3351
9201 5650
3644 2210
3183 417
4597 8686
4814 7601
51 3453
1358 2732
634 1428
7700 7670
9770 5031
7721 5737
4413 9958
5894 8628
244 4844
6877 4170
6992 687
8701 7572
1681 1673
9627 5256
7110 3340
5400 7616
4435 3835
3338 1017
4933 4568
2227 8205
8856 6135
9020 5203
1362 4008
7951 9639
7438 9000
9184 714
1368 7206
8935 3127
7421 2655
9270 3015
4622 4805
1855 4003
7453 2519
8911 904
7925 8829
8356 931
9671 6180
1776 450
2512 9491
3349 9059
9978 9048
1700 5071
1701 1768
4151 5608
1011 169
790 9327
5824 9676
6312 3461
9013 8695
7660 5320
9453 2667
8523 4910
3239 4727
7756 3769
129 2380
6799 2657
9478 6921
5463 4872
2351 7370
913 3244
3113 5310
242 5244
9241 8905
5064 7268
7705 662
8167 887
9242 1129
9592 799
8028 7790
700 2498
1702 2681
5013 1953
7599 3450
8772 6858
8721 9552
4389 2890
5859 5607
1173 4397
331 6407
6997 7364
2194 6928
933 5898
1508 7854
6050 3711
9811 357
4403 8745
2810 6542
5927 3107
4386 5740
8643 1569
1852 2196
9934 1424
2558 6937
6804 4550
9068 2586
9126 4476
217 5623
4009 9131
876 311
4406 7816
11 1720
2916 2882
1749 7898
8477 4070
6679 8485
2031 1070
1686 4200
1113 7708
6137 3146
9209 9587
188 9988
6567 9442
4722 3297
9286 4078
990 3114
3909 3354
7560 739
4532 1674
2066 789
8920 8943
2874 7759
4733 5697
8878 9887
3954 4977
430 8888
765 7296
7287 5106
9464 7436
2672 3037
6107 8855
1293 3220
5097 8594
5080 7260
6481 3922
2604 1166
5141 9834
3763 4830
6265 203
2084 3661
7431 4809
4121 1938
5611 389
4234 3397
3998 322
8309 1437
1807 6325
1321 4934
2357 9981
9057 938
7250 4133
6757 8435
2778 2468
4150 8581
4809 975
7719 998
552 5560
9774 7239
656 4510
9361 22
4095 8467
1590 8495
3070 2910
305 5515
2956 6160
9758 1871
9858 7184
8622 3237
6516 5525
1176 4349
2576 7598
4240 9297
6930 4981
755 7515
5673 8804
8928 3711
937 9782
6349 1450
8202 7996
7445 3697
7534 5221
8546 95
3087 7512
4721 6954
4875 7159
5930 9763
1238 4879
1339 9290
7416 6399
2819 2437
4929 5280
5466 4229
3622 8136
9172 3596
8945 3698
1100 9772
7258 8045
5661 8038
6483 6970
6377 1762
3759 1369
7057 3487
4604 4164
2105 8006
4836 4824
4473 820
61 956
9114 3074
4415 7550
6703 1129
4311 5129
7244 3826
7349 8684
7236 5577
4429 155
5566 6475
5162 2400
3864 4621
898 8601
7062 595
5301 8489
1277 1257
5579 2517
7053 5572
1264 8891
3919 9017
2879 9962
9973 5382
5114 1701
8865 6123
2092 6967
5706 6117
7780 6292
393 4754
5072 6368
1839 265
1690 639
9503 8873
7449 6726
7741 6786
197 3985
3879 3733
5400 6265
1204 4173
5857 7075
6489 4617
6400 9105
3225 8498
6544 5960
4124 855
3179 232
8366 942
9005 108
5616 50
7955 210
1889 218
1069 621
3171 643
2192 850
8521 833
8272 158
5793 916
1567 611
5885 743
2316 832
1774 926
4658 288
1783 612
5048 694
757 523
2539 380
1619 724
4600 781
2164 226
5007 638
584 948
4812 54
556 755
1871 990
9276 27
8469 656
2115 551
1100 218
506 678
5334 364
5057 406
6811 350
6743 734
6172 519
5906 576
9385 571
8963 553
5786 378
4898 735
8670 24
1942 193
5307 686
2407 304
1920 147
4950 188
2747 423
1013 932
8304 777
4322 29
468 996
8525 271
3279 347
5409 757
2789 484
4778 707
1799 158
9963 287
9879 64
5118 759
2040 272
4184 472
2167 78
2433 779
6103 164
6530 916
8097 670
3619 487
1080 825
2021 203
9098 151
320 157
4334 248
7572 697
4435 57
2425 395
2389 204
5675 900
4240 141
5920 201
1796 103
4935 681
7832 522
9997 503
9263 362
2006 462
286 787
1298 955
9330 817
6225 217
5156 479
785 83
3177 901
4972 564
5889 611
5045 942
2078 353
4947 752
5078 890
2487 507
3771 572
8243 851
6210 910
7053 841
3460 392
7883 642
2022 405
2908 955
4578 675
7376 382
4057 233
410 947
7427 601
7856 221
2529 55
6450 36
2409 497
4960 802
9498 774
3443 673
2194 446
142 31
4404 621
3895 895
3519 626
9229 905
2973 993
6858 258
5509 426
8804 53
9444 782
6994 313
9673 280
9976 418
4399 413
4268 381
2207 166
9558 75
4038 421
40 871
8602 362
630 570
2840 571
660 204
9962 699
4844 92
7482 587
2135 449
1710 964
9389 636
9305 189
8856 534
1648 214
316 306
5090 220
1601 624
