1736 9935
8813 9756
7386 593
8113 3882
7063 6954
6213 3653
5996 8457
2055 4007
5655 1002
7407 4814
7352 5575
7934 5883
8556 7900
1979 798
4692 3620
5118 7640
2299 8500
6443 13
5127 2388
5623 7320
3575 2939
459 1492
2891 7080
1077 5289
3854 9115
6625 5318
517 1281
1729 3444
2533 2845
8471 1203
2659 9778
8353 3056
617 3669
3257 8095
4552 6043
6163 3131
4456 9436
2525 9250
2460 9718
3081 6850
4940 558
6649 773
2719 721
5394 1225
8390 3790
3193 5513
6072 9123
2147 6825
9978 8484
9332 2394
8622 7952
4507 6467
3552 6409
5340 6218
6423 7313
5228 4916
2859 5226
3959 3390
7141 4616
4177 4706
531 608
122 2802
8246 462
7415 1070
9945 4256
1051 5391
5156 8824
182 3542
3950 7464
1710 3701
8031 4330
2091 5550
9761 836
5531 9582
9545 3468
3237 1461
436 8236
1230 3678
7419 444
1121 1793
1430 7393
9663 8631
724 3646
98 3431
4523 947
7785 8967
2909 3606
3810 3872
9322 2406
9126 9902
1633 7071
7934 1509
6388 4217
9721 21
4801 9052
3298 4979
7109 1581
8173 5230
4211 5319
363 3425
5723 9160
6962 6746
1565 616
3519 9733
1157 8780
2204 5817
9877 1490
7966 9540
1218 5751
4863 1972
7917 3730
5055 8632
3306 9343
5526 2870
4778 750
2922 6915
505 9213
1551 7153
5250 5385
1509 9782
3233 4867
3029 2113
3699 7316
8922 811
1350 4700
1656 4757
9753 4915
393 1007
4815 7587
325 9650
4305 6334
8415 9207
4898 1918
2778 1411
1050 3964
1682 3852
9090 8440
1115 7755
6180 9401
868 3418
4976 675
4012 4790
3122 3078
7714 5739
6937 5299
7084 2770
3231 2178
712 2498
8787 8666
9324 5803
7604 6060
2270 9141
3273 7378
5643 9400
8792 7140
7252 7386
8408 4985
921 1346
6115 3140
1021 7847
3244 3024
5376 5268
6314 5488
7187 8345
9586 4064
3716 9527
9447 7616
4497 5548
228 2606
1162 2670
6913 905
5870 5763
4663 6606
491 4831
8189 253
9667 2156
3976 1832
5037 5421
7389 924
5080 8708
760 498
3843 2094
4877 9863
613 4979
129 441
5319 5402
9180 4897
3660 6971
9980 3479
8237 9429
3209 4226
1117 4052
92 4761
1566 9265
8949 4471
72 8439
9040 9994
6263 1060
7942 9222
8851 6565
252 1197
373 6340
9920 9693
8615 9635
1898 7902
9602 2168
9586 6671
3030 6547
540 2391
2952 3247
9427 2681
5754 732
8836 3936
6540 4784
4438 777
2793 4159
7633 7273
1511 5147
2822 8699
2018 8893
3087 5200
3225 2010
5410 1361
9975 7539
340 8845
8148 5931
7805 9231
8056 5469
7561 1948
6187 2319
7003 599
9408 886
7703 3047
6416 5485
3509 4077
8686 8767
710 6909
7780 3340
9016 2277
4563 1435
8298 8684
4 6334
604 9752
7905 9043
410 5294
2379 4734
8672 9122
2452 6956
4226 4848
2213 5327
6079 912
2746 608
7572 699
1784 2626
3472 9582
8030 2782
7575 7375
7824 4875
3650 3323
1238 3783
3627 7087
3937 220
2272 6011
284 5625
5262 8879
9799 7023
8808 9784
7486 4448
9076 9198
4144 3765
5673 9269
6684 5057
9339 3467
5257 38
8110 5706
8553 7566
3371 5148
3761 4724
5394 1674
6979 4942
5072 1206
5431 312
5053 6944
3764 8272
5754 3987
7649 267
6174 1725
428 2336
7162 917
5980 7537
2909 2052
193 815
1073 4163
9666 9725
5859 2590
6397 4970
5385 2501
2657 3696
9808 7189
2888 3174
9544 8646
2492 5974
8663 6898
1399 4266
6492 6100
4799 4827
4596 2685
9701 4831
6859 4927
3197 1245
5247 4155
4390 777
3304 1124
6480 5454
9227 3422
7497 4089
655 1124
8070 5283
6973 2996
2969 5467
339 90
9922 8781
5672 2059
3533 1601
2365 7147
6241 2103
7228 9402
9307 4626
5473 6699
3376 8086
7688 9464
7253 7741
2951 2135
4057 6264
511 9926
2645 869
8677 9063
7772 5910
4186 1
5426 414
7877 4281
8229 1722
4711 4106
5952 113
7666 2774
714 1718
2654 6055
5953 4703
6241 8322
2350 436
1180 8223
1568 3935
7054 2824
6381 601
3073 4289
8259 6539
6005 7648
7394 355
1248 5479
7121 1843
3334 2603
1679 3798
3555 2087
4686 9543
700 1515
1148 4750
2901 6745
1930 6927
7522 7012
83 4550
3751 8313
8539 7538
9592 8510
706 9660
3790 8365
1421 8095
5953 6950
7073 5829
3438 1521
5609 1225
287 7312
1574 8486
9187 2493
2266 6285
2854 390
1573 9630
384 7285
6035 3210
1799 632
8447 2420
2304 1136
488 5356
6031 287
9071 6653
1064 9957
770 9740
1090 3063
8083 3840
4489 9371
7246 477
6959 1217
8017 5444
6319 3671
5437 1987
210 5031
1800 9803
4930 4902
2525 6252
4880 2939
9306 262
8529 1180
7540 7125
7605 458
9669 2024
158 6283
3995 1652
8081 6745
9961 6671
6864 6654
5990 6181
7932 9483
3650 1473
3806 324
7630 2649
1705 5010
8637 3626
1716 9873
2351 8737
1998 7270
1722 253
4216 6569
9130 5548
5340 3599
530 9840
69 2995
4020 7660
9684 3524
8872 6306
3991 9118
3900 2575
8292 9005
6056 6790
4314 4705
3561 3648
5373 1254
3817 510
7656 7962
6870 7896
7295 815
7941 8825
5336 2379
8441 7212
9412 9306
9363 2173
7569 4330
2308 6888
2130 8439
5164 9433
8573 8385
7650 9788
4113 168
4575 7113
8875 2663
1473 6286
7104 7801
8094 655
8612 7851
7321 9112
7708 3081
1663 9000
3391 3985
9149 2273
5676 5584
2088 2857
7484 7907
451 7625
9894 4476
780 8378
8687 3234
5986 668
1765 774
5345 364
4002 6076
6474 4028
5494 6373
5605 4529
7500 6571
3339 7444
2750 6573
1956 9175
9621 6334
8774 7249
985 8103
1003 7831
1524 2679
7911 432
3551 536
4126 5734
7341 7815
9783 3984
3041 8456
52 2641
3793 6166
6050 9336
1087 7553
2252 7596
8549 5855
494 2110
8278 9072
4707 8487
4116 584
1036 4386
9409 3738
9235 7534
4489 8296
4991 7232
7876 2354
8002 7541
432 741
6912 4416
2858 6909
4651 6834
3410 4955
7787 4942
7591 9022
2254 3153
1069 537
5430 3435
4823 2295
5486 5943
1696 5039
9788 9151
9769 6800
3765 1273
5262 6537
8185 7798
6359 9361
8471 4042
1315 7111
966 687
5785 2792
4426 1847
2909 8482
320 9521
2956 2509
9516 8052
6494 5082
837 8616
3442 8903
2388 8020
3153 6723
9013 8322
9423 4846
9511 5745
7515 5834
9601 3989
7220 1364
4396 8187
8602 925
2246 3840
8702 718
5053 4746
6343 4874
5487 384
3634 2213
9669 5562
7403 703
5161 1961
9393 7382
1161 3095
3436 5885
6631 847
6804 9246
4977 6728
2929 5524
7665 3749
3304 9753
1872 2682
6596 3639
8373 1396
6642 6049
636 516
3123 4998
6428 8871
4633 1830
3350 6560
9571 2656
403 5395
7591 9292
5971 756
139 9222
714 8297
5734 435
5593 9744
6707 6770
6216 804
5991 7793
6898 8945
9463 2643
889 8050
9101 9942
6402 8711
8381 70
2885 2068
1008 2987
6010 4750
6164 999
4935 7850
7366 5692
6328 6339
1972 7184
9060 3060
3699 1263
500 4527
9448 8893
7146 7151
4819 5117
9158 1157
3010 1746
6260 2798
6212 5597
3965 3223
6942 4388
8393 6951
1568 299
8099 6965
3800 5743
6679 2647
5235 8320
8522 9118
5686 9168
9425 7345
1542 2625
8402 9883
9169 3830
6604 7486
5638 6692
3194 6729
8220 8416
3268 6497
2844 6244
1820 2682
4055 2732
2266 6889
1600 9859
9117 2240
6101 4532
9698 17
5730 8245
4946 5043
7430 5651
4104 7605
4443 2401
5355 9857
8481 5566
2157 4020
8885 5618
3878 2635
4734 8974
8665 8010
5970 6832
3518 4490
6074 3829
2909 547
4941 6102
4006 3561
3985 3876
7946 712
8561 1411
3251 5557
4001 1793
8651 5453
7130 5496
5378 2301
4499 4141
2163 5018
8186 5758
8916 889
646 8896
8867 3867
8185 1691
2005 2654
7726 4717
6597 4331
3686 4888
2463 8533
8021 3933
3589 2112
896 6201
2598 4762
6127 2835
5846 3119
1321 8385
1851 9100
3266 8261
8354 9715
3457 7843
4853 1943
4119 8034
6398 1396
9700 2929
9098 7014
9364 4726
4835 5420
2832 3355
712 5506
9294 6700
6797 4530
8876 1927
3750 1754
7121 9634
4407 4111
2004 1871
2178 873
9385 5721
7015 9951
3780 4734
5330 6319
2356 7150
1407 8155
1432 8170
4224 9428
7137 9880
2434 1958
6316 8050
2952 1401
5606 585
6242 8285
9729 931
1558 5844
6719 1263
3455 3728
3503 2156
3912 5479
3009 4830
7284 295
1971 9094
2590 324
1479 9383
827 7199
5392 5471
498 7700
2437 3016
379 3455
9207 109
7388 3892
218 3085
8635 8836
3816 1921
7625 304
5733 3906
2130 8841
4269 6772
2404 7658
3498 1282
5085 1374
210 9304
7190 2707
3236 3859
2232 1335
8969 6518
3736 7446
9634 9872
9149 9289
8482 9602
49 7753
2559 3388
4574 1783
9907 6372
1391 7960
6852 5066
2945 4195
2932 5700
8889 5531
902 1137
1356 4594
7289 2736
153 4286
8807 8138
6625 3211
926 9571
3626 39
3086 3189
9462 952
1563 1092
6625 8975
7906 3144
9963 8537
4958 6588
3316 1876
6887 6997
5126 3518
5623 3895
5544 4687
4507 1428
5897 9804
8959 439
7364 5500
6223 8773
4594 3588
9884 4260
1018 8949
6212 8222
9961 9946
3088 3465
2028 5718
8870 4976
3570 421
7341 8933
7887 3902
949 8832
9641 4841
6253 1016
9649 6235
9567 9527
8412 1921
671 4780
2624 6074
4094 8088
2356 5338
3681 9182
1203 6035
3473 6816
4006 1430
580 8888
2540 3862
9041 7530
4790 2898
1941 6552
3239 5565
1691 3748
555 9579
1898 6566
5761 4125
693 8840
9213 5324
4054 9989
7142 4586
3659 9476
2346 4722
3439 7835
6677 498
8374 1993
4130 2442
3705 9497
7149 7031
9050 3976
164 600
2599 5759
3246 4592
3456 7536
8760 7152
9762 6793
6753 1468
8245 600
5275 7184
6137 5555
6669 2999
7425 1253
5421 2267
5112 1206
1602 7914
3968 9088
5970 2729
8932 9806
1576 2454
3205 9597
165 9872
229 8688
4474 3586
18 4019
8987 5582
5670 1620
3073 7230
5721 491
7289 5072
9162 2539
804 8100
1402 9284
8160 2387
5089 3463
8944 5294
496 2599
6857 684
7801 2630
8129 4891
4780 1413
4010 4682
514 7522
6115 6217
8167 6055
3035 9284
5829 4229
8907 8437
3985 9657
5371 4593
9429 3462
6827 967
520 3376
9280 2725
8243 386
7143 8260
5076 2012
2154 162
8959 3669
2570 8062
1712 3344
8575 9953
2159 6820
7355 6054
8395 3678
1198 4705
5556 5798
5227 9773
8658 7602
4721 712
736 759
436 8184
2459 8192
5509 1985
6346 6028
5056 5704
6755 6209
7720 9570
2202 8642
4155 3519
2661 3952
7762 4162
48 2058
2354 9730
4534 4732
8346 169
373 1743
9128 6518
2102 583
7554 2678
3897 6935
1636 4304
2682 1046
9502 3369
8066 110
9316 2671
8155 4094
4467 7061
642 9783
6176 3219
617 7688
5494 6115
3512 5099
935 2884
4736 4109
509 6233
2945 8548
6526 2900
6289 7662
4070 2789
4088 9186
3810 5217
2091 2025
2685 6432
1516 3846
1253 7463
2865 3456
9590 3092
4510 4190
4045 4332
8984 2509
5856 2890
2967 4511
9829 1479
9963 400
6265 177
4801 9358
7421 3389
8753 6792
4180 5670
7208 1470
1013 2439
4334 2599
6523 3510
8754 4792
7508 9674
5652 8120
4787 2871
1078 9619
7978 3242
205 182
4513 5386
3128 6853
6274 7607
1500 6670
9343 8386
6520 6174
6864 4014
5946 424
3198 868
4449 7061
2589 4554
1975 1948
9243 8084
