12 1
1 343224
33 33
838060 999999
882808 635532
458566 585822
821595 466091
582315 587378
338607 544974
140609 599895
865462 931317
739941 182521
479162 433877
443113 876517
667525 225615
855246 42839
887442 410460
768962 13058
729893 787642
706248 123827
136382 693576
943288 310438
880201 903435
557740 945593
992265 849553
486306 152587
578785 715067
77593 495591
721648 863662
851011 718340
494569 229002
903678 175399
638636 758538
320367 969362
27536 150361
192546 271383
397114 443976
655465 583591
612741 750141
442356 624846
890623 681024
640317 376344
217368 575123
467560 923370
476671 548107
841886 901285
556210 613831
117750 273661
968390 468317
606532 468738
615687 522430
114821 272866
108085 353822
775033 22893
729592 422690
888694 196461
425409 969486
579464 90551
195268 983614
582176 559401
671846 572447
961498 967780
847860 668092
393915 350909
485791 970374
219168 218411
772431 633646
333175 916009
170061 373118
552422 852744
468445 899037
408246 938081
379921 752729
243619 964274
900689 184896
902735 788033
616919 934737
5645 77226
5237 764435
10861 163268
703978 90674
812848 280174
261814 698316
108080 522370
631191 263570
4990 743631
84499 783915
191326 80733
151818 662328
426473 543042
653047 444088
869578 122770
14267 970277
742146 534481
849858 381986
314332 381770
392491 100349
501374 78302
641818 298256
988294 700545
603977 890344
704949 600277
188609 585931
551499 752709
149665 528780
458941 129178
109802 495447
873360 745306
813910 368835
200252 933425
339913 908041
861007 149388
866673 230537
886780 645581
389946 415328
980690 208045
702185 807563
78317 892623
318020 162281
756349 110452
321701 828474
940319 889487
788959 885179
188711 903318
93250 61032
252655 168369
156916 116863
963866 650855
720976 569232
534966 287644
413452 780209
706860 610153
919438 991520
662726 987886
649778 449474
762960 258560
100614 59933
812490 123563
171421 817240
37843 776213
218517 935049
510550 296163
440293 559726
452039 341869
55234 352274
47355 86029
556808 891091
897420 110891
250430 338547
675823 529372
586808 463459
238157 148199
252830 549580
778197 49195
58585 147726
317632 457141
105505 539170
308071 60613
282000 703181
667037 950504
769367 333701
760725 297412
268386 209553
61666 459634
973985 449094
694094 696380
228594 12407
422916 228348
139579 705532
656000 572444
359091 492588
158111 786746
93830 296295
822664 837363
391666 598997
581873 772246
757805 321560
656526 22181
381660 577086
109402 847714
125846 611054
40218 189324
705982 73935
840859 839617
313257 493738
490295 175341
456434 601236
893131 367141
379470 859267
786661 17549
873556 238079
782899 206616
466579 451645
127336 74471
260216 353013
853246 827706
891584 849758
15263 364727
945367 485113
944006 808780
356055 552390
746845 654070
96382 155431
172597 910757
107097 730689
766709 690105
754367 316485
500476 78538
278862 267874
431308 400020
544395 293243
469799 706685
800262 258115
937667 874899
807042 841081
580109 964661
197873 437758
400904 554025
922729 370353
705465 886232
76458 483033
551307 931185
248718 639104
198490 235283
179066 245092
144922 992994
4111 949119
505291 574460
157053 359097
332495 678637
800426 782197
426340 107805
197183 960392
701834 92606
215074 601551
197040 659011
557497 823277
599682 524603
384602 20356
880708 752641
873105 832767
101730 709874
628986 342070
598007 221461
178299 689039
92112 433692
400952 355444
571705 437163
753928 16882
875295 968248
577810 841347
844005 662405
204245 183237
644010 121511
4318 30976
115830 998881
594408 322143
540818 189688
712447 83571
538598 568143
298966 568339
339833 455049
454556 986096
645430 200888
526272 691593
902136 40587
362009 772972
22145 395716
352702 171456
489065 939987
179139 300555
667285 456698
644355 874335
104960 640284
846470 355215
22199 791072
13529 354593
709191 451047
223019 904051
404071 527663
225775 309986
117602 829738
491573 202502
289364 506834
443594 497113
373801 640268
989460 925064
506602 534939
744308 524651
837182 322014
678313 868888
440306 654668
924440 211587
150853 193070
304145 641863
228768 596915
71843 604632
628764 145467
404711 539086
802493 256167
494819 34691
123915 761330
150991 45562
258535 894336
285690 835266
486803 851134
438530 558058
816996 871206
644932 284983
578472 582846
132742 174431
280115 885957
770256 432136
184247 987401
439250 430715
727210 715252
817435 285242
332890 443562
829608 298520
758111 103095
922941 813132
829547 901847
395479 730560
990878 976076
739019 641779
576762 347058
356055 751802
940661 968212
880499 442189
165405 930251
272246 79897
755780 309330
222821 466279
232800 742154
11185 161649
555674 633879
883 914582
697079 347542
642374 813698
927818 731636
165433 508075
513213 542814
255965 828285
327463 944055
568930 398321
367393 290410
79812 971737
362776 334862
940253 712412
812828 172466
867264 243294
606816 238004
431910 118859
175227 595142
714373 417760
488322 486763
835833 509717
597251 954001
262663 596462
810351 418487
535998 11566
76595 679929
875198 718553
569603 180868
928698 719782
121462 240706
749483 942659
895609 178372
255574 629142
145050 628618
980869 879377
414553 253956
16145 120753
914846 755333
673335 899705
427371 566009
96835 628779
538806 179530
411701 754453
864063 417405
906379 104725
733373 257768
451463 31886
19486 20454
27315 934830
834518 665115
378390 927430
542582 945389
912760 165710
757727 414194
944463 842965
975740 295027
776105 184077
10715 284991
584705 969557
206841 921990
880219 21375
298877 746844
164382 290887
703582 141890
655574 111859
643985 580491
222100 708974
676140 185593
488574 160603
947818 44034
875483 123450
772226 642673
200350 942576
341449 231040
608854 432643
629297 423974
819788 298112
100497 152375
325367 999164
314411 934413
377016 655907
19143 313739
908020 910146
101850 930766
137987 872491
378151 911435
459806 251761
958281 740126
329379 607845
962965 512988
330654 561203
436697 272548
710508 783969
177023 358204
688175 747456
357051 849291
107195 502224
506120 912280
48834 213044
48377 954612
624390 893320
794055 41199
970070 546404
451462 366368
407700 719209
553202 144410
231477 847521
481080 918498
305858 509051
797663 873395
320546 183192
877700 558747
755648 642854
791180 646569
393230 457992
998325 891391
487054 55515
463940 809842
853698 754707
294429 665767
140791 371391
930023 604537
347588 457910
352334 260922
175150 806619
805880 781473
531850 652706
741842 483394
669536 242403
329379 241968
978952 530197
95648 747448
663887 215602
642675 50735
7417 6737
83 7967
8680 40
7815 3444
2928 5334
7380 6088
5730 8753
2987 4178
2698 2177
3926 3039
6506 646
9273 6430
5809 3258
6241 7012
5707 2864
5032 8848
10000 5215
4888 6297
4112 8534
3764 7536
7478 1360
2693 2015
8707 5003
9858 7617
8174 9489
6668 3044
2110 7143
2374 7209
1274 9783
9214 5613
8027 4765
6425 2902
3814 5065
2939 8188
8900 5721
8143 4400
5285 4765
2077 222
2233 1987
1636 2504
115 8510
4156 9654
6774 5098
6498 4192
9573 8526
5515 6975
5811 5145
3576 3058
2089 1053
1758 5743
3676 7264
9887 475
9799 2435
4255 5348
6377 5007
2113 168
3597 9380
5717 5195
9029 8783
7041 5815
2672 1859
6140 9785
9572 2087
4613 3089
3608 3093
7715 6078
4238 1005
8496 974
2917 219
362 3552
1961 4839
9311 5188
735 861
1304 6639
5423 9593
7688 9589
2898 7261
7534 6960
3298 2583
2820 6298
6451 2149
1697 230
716 2203
3871 9989
8220 7021
2834 1002
2620 7371
4649 5907
49 281
9729 344
6616 9430
4430 8410
219 2055
7650 595
2830 1768
3995 178
8881 9979
8974 3704
327 1281
575 2998
4073 4329
492 7433
2131 2997
3678 1058
7084 4760
4571 6276
7128 9051
2517 481
8592 6385
6071 3206
799 7329
179 1721
3121 8392
8553 6195
5957 311
7050 9612
2494 663
9336 250
4370 6949
9810 5353
2771 3831
8125 7306
5038 9509
6254 9136
1855 3865
4338 5767
9954 7275
2201 7382
144 3888
4008 7048
7575 6793
2084 6645
4392 2336
8971 7464
2475 1981
2786 3205
446 8934
4276 1248
799 9499
9704 1677
5609 3056
8437 3828
5956 1390
3885 5066
3730 5132
4369 597
7380 2492
304 695
2563 5993
5663 8390
8982 7408
6390 8677
1634 3013
6391 4961
6895 1535
5316 3002
6114 22
3059 8719
9795 9844
5665 7786
120 2125
1033 2680
4201 9321
4555 671
6603 4380
317 3377
6997 2606
96 1895
1 9820
7688 6771
2243 8927
4784 4521
7491 8801
849 3086
2289 3576
4876 6806
3348 8242
879 5577
7676 7556
147 9722
9095 7809
2442 6193
7881 7560
6320 5358
1317 7525
1551 5361
5267 5472
2880 7573
8845 1391
6552 9251
1967 649
468 3616
8849 4130
87 3324
7663 1431
9664 2926
3446 4091
2481 1572
5730 4944
2474 2608
9341 690
8637 5904
8852 4502
3983 5589
8523 2623
1694 8788
554 8397
2905 8883
9730 7701
975 669
5019 6608
7445 3862
5223 4010
7549 3325
1510 7339
1232 4990
8748 2791
3929 7047
721 6290
4954 1525
6720 8017
5499 1277
3098 8565
1343 5588
5773 2292
2105 5624
3951 8799
8446 2710
1184 1796
1157 4862
6122 3996
8063 3450
1818 4405
1344 5032
5500 7641
2504 4827
5178 6186
5701 6253
2768 3993
3887 7165
8353 4334
1968 8501
5848 7842
5189 2876
5135 8260
9715 4713
6261 2806
7722 5128
7251 9605
3808 6205
4561 674
1311 2497
5726 7475
1814 4060
7453 6281
7855 8457
7485 4622
2469 8188
3883 8047
8814 2728
9325 3519
9177 7260
8009 7117
9960 6762
1303 7171
8365 1197
2623 904
4439 7942
6898 2765
5548 8747
3927 7797
4837 315
6861 6194
8316 7579
7181 6996
9780 9320
5756 3152
2227 3185
7554 9988
7912 1791
933 806
199 2075
6198 5148
9971 2978
6827 2978
8630 3246
5669 9723
6545 655
5462 828
21 6187
1940 191
9762 1391
4748 4933
7375 3962
4915 3350
9354 9358
784 8945
7104 8095
5712 895
9433 5998
9757 7180
4063 7791
9742 2173
8418 8002
7614 827
4093 3604
18 811
9135 1645
1131 170
7229 8341
3458 608
5600 3253
604 1309
1782 4757
6728 7002
9212 3359
390 7185
3580 7458
3087 6964
4707 8827
4139 6509
3642 7500
371 9036
4411 2141
6036 3758
7740 4456
1507 9936
956 4817
7742 7205
6307 8375
2552 9023
6016 1515
2920 7739
5766 7474
4747 8715
7609 7021
2831 4589
6269 457
1421 1838
3553 6611
1885 5467
520 2385
3237 2145
1896 5570
4366 4794
5332 9053
6019 1863
7534 7425
5105 2039
2757 9793
8966 2076
8770 3264
1427 7373
5918 7089
4101 3383
3509 3965
898 7814
1181 9061
6616 5954
9047 2580
5655 3749
7523 6716
8274 9309
3360 5889
7788 5707
7064 229
7716 2923
783 3735
7371 2315
2658 4306
3447 7517
622 5142
2318 4099
4873 4404
9816 8265
3235 9101
8408 2700
1762 6908
9124 8
313 4396
2886 4148
7934 4634
1060 1498
74 1610
9901 466
4515 9911
9888 2160
7533 6276
5191 9530
8070 1431
9394 2643
2518 8728
6068 8990
2325 3375
7918 3825
4537 6961
541 5071
8569 2860
2510 7802
500 6016
797 4093
1950 8808
8603 9509
1916 8568
1257 8596
7185 4399
7119 9763
6096 4768
2504 666
4199 6351
9560 1418
2551 8807
3854 980
6685 9945
3571 7356
3133 3694
2909 8570
5832 4323
5678 6581
5081 2917
6989 3720
785 2814
6015 6842
6712 5544
2912 7414
784 5077
8204 4065
2951 225
7745 8016
7421 3458
8594 9442
8777 8307
895 5425
503 4061
9408 7538
148 5723
8405 7592
486 8525
2504 2668
2294 7208
15 9506
2313 6379
5317 7045
3862 8461
5694 9204
3783 4961
7272 3500
3160 9468
7510 6738
7262 6668
322 534
2933 1140
8223 6471
5543 5261
7203 1996
9819 9312
1470 6843
5310 2418
4093 9235
9263 1353
4102 9991
10 4230
4852 3459
6908 6297
7106 8522
1796 3372
7179 9143
8028 5359
7344 9601
2221 1039
2649 8178
7346 9003
5421 2427
724 9318
7868 1802
1740 3889
6297 6390
6403 473
4316 4866
7688 3365
7673 6341
5124 7856
6105 4163
3522 881
4704 5266
9372 3768
1624 6418
9632 481
5006 4526
491 3148
2958 9525
2273 7989
5235 3803
2932 5283
4234 932
9320 2441
5928 9239
1942 5152
4698 8793
5814 2007
9768 6423
2056 292
5412 3753
1488 7619
8225 9475
8160 1304
792 1360
8384 4750
6578 7122
4254 122
3080 4099
5761 6287
1171 6583
7880 8134
5391 3446
763 7808
2651 2666
3711 9982
7550 7431
954 6339
2812 9694
9027 9404
7480 519
4647 7859
3336 9828
5736 78
2403 2754
2973 3526
1228 7866
8287 7023
