8315 741
1052 13
5513 97
8197 166
2273 951
4426 137
76 26
4597 336
7220 436
7714 484
6193 613
6472 138
5740 640
6846 476
1912 809
6685 737
4562 468
4415 137
2581 699
1901 538
8272 266
6378 917
4243 251
2089 482
7466 479
8552 953
7417 947
147 135
1461 252
6683 609
3970 872
7905 558
5171 776
8632 177
3621 341
9600 675
4574 597
5643 678
8529 132
9067 232
7578 867
9899 556
4581 809
2235 438
6193 169
7479 578
1736 54
8029 199
3024 899
535 195
1048 134
3787 707
7557 246
8209 635
2103 306
1110 304
7694 115
6365 496
8658 457
9220 756
9128 260
1954 876
7766 597
848 827
6623 341
670 69
1951 872
4950 184
9485 484
8740 886
6275 301
3073 512
3731 986
4618 667
5297 134
4489 873
4314 845
1926 335
4908 593
5914 350
2527 936
325 367
4229 389
6239 3
6439 542
1734 706
7206 224
7064 132
1513 19
5094 883
756 601
6985 848
418 830
1465 986
7417 16
9995 441
3203 478
7469 969
718 389
3451 493
4351 546
5779 67
981 536
5320 752
6554 955
5508 410
2235 730
1403 347
2595 596
6453 298
8749 992
373 823
2719 391
5498 143
1623 717
168 926
4264 110
3796 112
6167 722
8327 345
5967 842
2382 164
4464 965
4874 118
9046 850
8308 451
2302 747
7528 312
9714 610
3693 943
3461 394
2075 74
8003 652
5690 248
2279 646
1843 747
4349 904
1716 254
8757 359
8422 668
8228 489
7756 196
6355 403
1391 174
9124 688
4014 212
1225 628
5900 116
1888 37
2815 2
5708 992
5301 764
415 229
6440 485
9925 754
2964 407
2163 926
8802 507
2728 352
7926 219
1755 167
4466 107
9761 737
3199 748
4442 941
557 506
5267 5
3368 349
6412 813
7532 818
4679 895
9646 685
9339 177
4887 704
8396 59
1412 737
6055 593
8360 598
6949 454
2146 933
3572 889
2621 304
7088 713
9278 632
4593 340
2826 362
7603 711
8030 995
9283 700
5973 905
8033 170
8858 485
4090 341
8134 203
1288 326
7873 695
2062 926
210 630
373 619
547 172
1341 679
9465 447
4828 438
8184 76
4292 10
8843 876
6124 920
7172 202
7173 302
5625 558
9918 505
2925 163
355 466
6876 467
9768 827
4388 51
629 10
35 694
4809 115
3470 551
7171 384
2079 442
920 983
7587 232
8756 516
6939 716
232 802
8562 824
7577 592
9174 108
4038 429
1767 560
7617 618
6448 954
9247 324
3855 394
1355 443
9502 735
4044 740
6755 338
6762 867
9278 104
3141 974
7219 662
8421 738
92 298
388 246
1858 282
3693 325
3839 641
8409 702
4384 326
8503 171
2120 246
6461 747
9296 901
679 304
6961 794
8852 505
2617 811
1683 35
4064 247
9293 14
1876 442
1645 994
835 572
7974 947
5023 458
7662 960
2645 937
7701 625
7078 302
2015 218
9814 598
9576 887
7623 121
2228 353
5330 392
4294 724
6669 957
8141 561
2125 618
4499 2
6354 40
6589 128
5381 756
8947 955
9638 377
6134 783
5475 395
6748 632
4599 677
9406 545
3487 973
7516 907
1081 601
6697 544
2099 803
7439 834
8240 727
1716 876
7890 68
9272 983
3827 886
2206 63
9571 149
6480 156
8341 510
8752 925
8525 461
2991 859
5006 906
1012 979
3080 602
4451 543
8470 675
9528 894
7204 756
593 367
3384 356
4501 804
4430 647
5432 672
8177 459
674 333
7013 523
2773 907
4366 505
8738 972
9581 582
5381 49
826 187
739 799
5619 620
4361 109
3888 236
7236 589
3667 594
9675 169
9878 612
6654 199
3226 862
1660 546
8770 7
2036 584
197 60
8622 479
1900 617
6015 17
1105 653
8554 301
7636 427
2098 805
4480 812
6842 376
1933 851
3088 527
3681 259
9026 969
6167 745
6614 445
9626 476
1120 234
8675 732
9290 390
5404 384
4048 982
9633 97
176 154
5850 939
4389 521
7540 504
950 708
2031 425
6496 179
7402 399
4894 591
5711 288
971 619
6404 385
4930 847
3430 555
8864 99
4706 182
1019 571
77 327
51 606
2932 324
7388 471
8297 428
1782 990
3055 448
1020 820
3724 898
685 111
6928 731
4360 744
1236 123
5105 26
9151 823
9107 449
5456 526
6980 696
3689 875
7660 774
4976 65
6803 597
3357 249
6264 632
4108 448
2113 238
277 739
3759 529
2816 642
5714 23
9934 198
4204 490
245 670
1688 890
9318 901
1580 36
4107 978
8451 59
3612 701
8841 973
1566 851
977 831
5370 170
5232 749
4812 692
8248 543
5251 42
2934 995
9236 349
1177 18
857 562
1968 523
6471 804
8537 599
9993 579
6106 71
699 458
9958 82
2050 707
2126 390
9554 866
4074 248
9947 579
4624 938
8838 989
2054 57
6728 300
365 162
7920 310
8713 640
3747 91
2768 594
35 119
9570 273
7693 646
501 742
3634 74
4147 974
420 110
9733 119
5181 458
7431 631
5472 568
3117 409
9330 157
2269 305
1554 924
3835 83
8668 912
7019 729
1011 243
4916 369
9045 290
8565 261
2522 127
7925 664
1384 275
9537 13
3849 940
5175 488
4098 968
3869 644
5760 596
9738 835
9877 214
3069 172
4110 710
5543 402
1965 524
4387 880
4149 465
8738 64
4059 854
7387 851
4222 351
8406 38
3751 514
9184 822
4293 792
1242 394
4146 639
7304 749
5960 198
3983 755
1674 752
3422 431
3330 389
6830 732
3200 276
7362 533
8198 668
1065 161
9318 543
1661 730
4466 530
5071 279
8923 135
8863 655
8532 419
7964 927
5736 931
1394 186
9992 490
9445 742
124 878
9614 564
6067 542
8727 646
5330 285
5167 25
9614 233
464 178
6670 145
976 634
7387 594
3766 436
3707 469
1678 265
2507 8
3586 837
1113 251
6457 272
9800 99
7485 445
6043 81
4922 267
4625 554
4715 152
4528 321
5337 672
2211 350
6877 229
4116 547
2219 128
2234 334
5912 304
7189 441
5571 935
5175 838
1421 951
3191 545
5047 587
128 89
8642 837
3072 234
7518 824
2718 512
9809 145
1321 221
6056 715
1071 994
661 983
2117 388
1440 944
4899 180
9565 680
706 845
5714 647
3227 412
5024 265
6504 710
4543 377
4446 823
2464 696
8275 939
2714 305
7457 472
5305 534
5803 424
4098 636
3897 230
4428 638
7387 227
4644 50
7196 573
9543 765
902 484
6328 183
7793 964
8943 323
4870 142
6754 152
1515 895
4704 188
3547 691
3259 725
7380 12
1841 322
3542 695
4435 294
2582 368
8449 309
1845 349
2583 878
8265 595
258 802
5694 483
6071 704
573 644
2081 574
8755 399
6437 92
9181 987
5007 149
8566 640
3056 68
8557 278
8911 447
735 399
3862 203
1313 83
3688 581
3049 962
4560 416
2425 935
9683 678
4076 602
224 730
5207 742
5646 746
742 331
5642 408
7901 902
675 914
8363 175
4375 592
3900 37
7178 174
9654 671
8339 9
6880 116
2225 942
4050 40
8282 677
6046 395
4360 9
4213 508
1729 670
1130 298
5892 844
5606 858
1710 373
19 260
1394 310
5418 61
6849 798
3832 353
3892 987
212 123
7524 338
7221 955
6115 611
9031 760
9582 840
4978 934
8705 330
5434 321
7790 322
3771 864
5406 92
3906 822
6750 59
8582 737
5482 713
2953 429
4336 502
216 299
5388 301
5463 372
8430 339
5134 735
4278 774
7025 314
3606 92
6454 460
1141 736
1559 868
8374 90
4698 289
4383 128
6394 1
9255 875
3948 82
5642 738
7163 842
6453 315
513 665
2592 958
5857 877
346 841
2275 390
4417 696
4800 451
3500 69
4082 827
7444 339
7982 937
5327 481
3353 967
2102 476
7145 810
9421 379
4039 212
1727 949
3218 633
9963 26
15 753
4193 505
9993 128
1118 39
596 920
8469 966
1222 886
7394 794
5294 303
8197 789
6341 351
458 86
5803 882
2969 902
7004 749
9308 221
3849 91
1084 7
6688 995
1572 462
3312 228
5356 387
2830 594
4557 361
591 719
9924 385
1983 32
8613 881
3795 470
5115 439
4134 911
5780 351
7632 693
4555 706
7021 763
9678 144
481 140
5895 556
9516 434
8536 883
6187 369
9779 971
4204 214
2121 832
4208 423
1264 396
6969 900
6307 209
4109 113
9586 975
5425 851
7740 220
3080 529
8800 657
6148 905
7917 132
1349 218
9418 200
1436 73
6055 900
992 631
9166 797
1061 287
1075 137
6980 684
4420 958
9266 948
5679 513
2990 278
8670 956
6304 942
2357 401
8497 949
3928 615
217 717
3253 901
9264 201
8535 1
2221 27
1948 370
6580 485
4266 591
9352 222
5366 616
6134 293
9949 145
4322 346
8146 244
9098 219
5616 808
4651 748
273 706
6669 657
1422 566
3823 623
7869 356
4771 82
2925 601
5087 156
5922 741
3764 979
2607 700
189 938
4041 925
2094 312
1999 604
7794 240
9636 919
6730 702
3305 410
7535 88
2330 339
8961 379
2741 144
9282 846
5410 347
6092 355
3335 612
9589 387
7703 13
2673 759
2643 614
5209 833
1413 177
5625 20
5936 873
5506 100
4218 745
8576 244
8312 248
4310 220
5933 666
3694 977
3895 815
8616 262
5868 649
9653 675
2200 109
3307 560
6039 578
9428 589
8511 171
1979 950
1446 214
8241 632
8460 137
3761 54
5804 402
4013 434
2818 923
7860 914
8905 901
6652 119
2582 852
6612 978
6834 967
951 452
9768 255
7312 979
3185 160
9148 155
7691 558
608 8
3213 156
1044 613
4926 811
3755 542
2207 819
8709 142
506 162
5718 158
6460 73
7440 402
9598 400
5520 919
5378 575
6606 786
7023 659
2577 788
8054 63
3826 269
457 689
4278 4
187 551
5616 506
8760 606
5989 362
6999 959
4652 220
9873 847
171 382
7547 746
1290 775
4455 403
7112 356
3691 993
9687 952
5706 530
2286 96
7003 411
5977 350
6082 327
3600 972
123 924
1488 610
4617 905
8535 959
7547 732
1321 428
8000 985
6653 316
7773 353
1301 84
5047 455
3368 278
5011 920
1900 694
2141 383
9433 957
8243 679
8362 354
4092 985
9002 78
8058 876
2271 186
9497 195
9414 800
1680 648
1828 652
6728 301
3296 733
4264 679
196 540
8960 541
3064 137
4474 737
9744 272
7405 331
6950 562
4694 7
1113 965
6643 913
6354 956
5727 898
3606 236
5786 445
4058 201
6356 23
9193 852
1350 683
3663 145
4863 90
8268 627
6868 484
8692 741
2893 757
8711 558
6277 502
5230 21
8822 23
1719 99
958 710
8782 317
5240 975
5502 431
7374 197
3538 324
8072 331
2514 515
7538 524
