5527 8165
87 3346
7832 3436
5113 9201
7575 1216
7685 9318
8611 5016
2524 5244
8006 7380
4219 2806
6017 5582
1309 1719
4381 2540
2186 4058
6493 2447
8687 8348
6276 5006
7509 4193
7738 7477
8113 9935
7801 9168
1411 8440
7181 1844
7353 7952
5126 7404
4566 5713
6011 3409
3085 8324
6460 8376
2132 9480
534 854
1807 8755
5478 8326
1065 5612
3679 5910
2518 8593
469 1166
4970 1396
5794 6188
9964 7801
8846 6193
4410 1250
3590 7985
9369 3314
7149 5789
8070 5741
2994 8217
5109 1231
1831 8260
7005 8910
8574 3671
4758 7326
824 6801
8693 4105
8744 8850
7132 2978
2395 9323
1117 9117
7614 3117
8862 6091
2575 4668
4795 6566
1015 4452
6121 3512
3597 3005
5769 9442
1437 5385
6483 6541
6087 3960
9313 892
5537 4159
1553 2051
8938 656
1789 6077
9620 8616
8442 259
5323 3280
4362 5153
1327 9017
1827 720
1669 3213
625 751
8736 6746
6732 9509
4442 4063
7537 6267
5241 9851
3494 4400
8510 7954
8943 4484
4021 9634
3608 2193
7503 7077
4162 9609
7410 4624
1001 4963
7663 8370
5260 9884
7635 1248
8574 9842
6842 5732
9987 9418
653 43
7792 749
5071 4247
144 8155
1773 7826
621 6656
5531 7001
5312 8792
6174 2800
7946 5900
3641 1730
1422 6103
3706 8172
5304 6827
4741 1815
6091 4617
7019 8106
9429 1733
4312 7985
5544 2675
3496 8865
4576 7683
7299 8071
2574 1052
7275 4572
1844 6840
1934 6670
1816 3316
8284 8582
1723 2181
9631 6372
5618 6268
6095 5434
8596 2848
5384 8538
9979 3799
437 7069
3351 307
2887 8478
9525 1776
363 1209
7438 9296
7228 9717
3529 7933
2768 2367
6628 9993
4132 5933
3686 8669
8818 4366
1016 4930
2219 7607
7369 256
5866 9319
1068 1907
8536 6723
1361 7923
3588 3157
2605 3463
4739 4303
5821 8459
9968 7609
5783 3954
9462 9326
6287 3537
7525 7373
8781 16
9140 5963
5572 7342
6575 7342
179 7585
5027 4436
8622 1261
6975 3910
8660 2577
6485 6241
4508 4965
466 4079
9907 663
660 3399
562 7169
5700 837
5342 4448
3165 9888
9844 8462
3246 7813
7859 9937
3609 5404
5766 4458
6525 4191
3684 7481
3379 2131
8570 8320
9493 7859
3750 5362
4312 4374
7645 2805
882 1675
6853 653
2063 473
719 9432
2087 6515
8685 6035
4254 828
4456 9847
121 5553
9051 9909
8770 7585
2832 6946
2051 5835
3978 1601
5459 2636
3883 7819
1624 5892
2273 6808
3221 1631
7760 1141
9629 6801
5622 3511
2387 461
8117 5970
4794 3473
4794 5551
6237 2953
7100 2809
3965 1698
4373 7452
1232 444
2829 9751
5130 5564
8929 3882
1197 8673
3126 8902
1450 8167
79 6921
1494 697
5013 1299
5370 8649
8457 7044
8733 6992
7169 5998
8401 2358
6904 7609
1493 4482
4106 5486
1082 5700
7136 3048
515 5334
7686 2943
2277 534
9351 6556
5723 1369
7526 8400
7017 5175
816 6371
7624 6473
1725 8911
6463 3406
7502 2461
9524 9391
9994 175
7098 3547
2061 5557
6644 5579
671 131
6460 2081
6760 5034
7927 8154
5190 9822
524 2086
306 6176
6521 6353
7887 1620
1643 3819
3625 1122
35 4786
9814 7995
2394 8799
1515 694
9636 2007
2668 3474
2113 7545
8026 1304
1431 6385
3739 6788
905 3802
7006 8736
5353 7373
7337 2760
7541 5113
4206 3586
59 8149
4968 2558
5394 4097
1809 2613
5159 1747
4336 5089
1949 9510
8923 7954
9784 3999
9717 4943
5010 9462
8597 1212
3583 7728
4500 5839
692 8288
9983 5017
3768 5882
9450 7774
6616 1549
4077 1538
5359 5718
6740 2358
3100 1285
7394 3734
8301 1486
969 7768
6236 7124
699 2418
3023 5548
5319 6110
1472 2400
4352 8287
476 6300
3116 6233
2226 575
9781 5151
9453 6309
4464 7689
3368 9707
2245 4102
1907 1976
757 435
6364 17
1221 5178
5798 2394
6403 3575
8942 6937
7886 2288
8970 3413
8417 3149
9784 255
249 9793
4601 1996
1523 4453
4103 9252
388 2567
7349 5367
2025 9728
5559 193
9216 4531
8886 5154
3833 8868
7371 5648
7010 7758
5444 2602
8705 2918
3398 7899
7104 6451
5341 1622
7682 8803
1362 1506
1347 645
9217 7676
4940 6199
4317 4413
7977 5999
9207 4906
295 3647
5613 1311
7753 5952
1461 9747
8699 9553
3823 222
6106 5441
8387 4485
7492 7993
3690 1686
3269 303
6700 5299
523 7897
3559 769
5631 2581
6099 557
9101 1672
1972 7384
6511 8217
2898 4722
3618 1119
9154 2834
7370 9096
4245 5236
4808 7845
605 4017
1094 4989
6008 6358
6146 6779
9693 1196
637 4125
6017 4864
6003 3096
873 5321
4541 5497
1409 5488
3420 4961
8544 5577
7328 4223
4656 4532
8077 6482
5789 8563
5544 9117
5185 2510
2913 3100
9575 3878
9962 4131
7879 2326
6332 3615
2123 1920
9810 72
9352 5514
8704 4525
2321 909
4530 650
1031 761
1774 3241
19 2291
4079 6361
5884 1082
6637 5879
3298 4533
4751 8889
71 7367
499 2731
1835 1689
3703 2223
4717 2691
9159 6665
1638 2781
4213 8271
9389 2755
3398 8798
7838 4530
4262 6152
9069 9346
8878 8211
3057 1790
4255 671
5880 8785
1361 4184
1752 9740
7404 1846
4729 5348
9390 3652
4734 1089
6176 2354
9998 9215
3889 2236
5079 8254
9932 7908
7968 9274
4388 7636
1940 3610
2668 4386
2310 2347
2862 7006
2736 4643
5379 1139
8816 5823
3478 1810
9966 2760
3708 9499
5244 857
7186 9023
8294 5474
8311 7940
1227 9857
5854 1723
3299 9590
5205 9799
6671 5836
7690 7044
6390 3858
9936 7981
9954 286
4318 7679
5821 8558
2368 7624
8735 637
1747 3980
1015 3523
5511 4224
2049 8287
569 5907
7461 8983
7570 9168
201 9996
9412 541
1718 4068
7880 3135
4698 3535
4825 6021
5874 2009
3786 1767
5439 1360
8849 1477
3642 6350
162 4128
6615 5934
8952 3093
3223 7724
1426 6461
9444 8012
945 7648
4820 8178
2591 9862
4651 5971
9825 5931
4627 4905
7311 7504
8369 4163
5348 1559
878 8434
6609 4679
8298 8558
3630 2566
3531 4377
9142 645
2830 1279
5553 9497
841 7395
2249 4735
1678 585
5283 7303
5247 6364
592 1165
7401 3082
6709 192
4706 1315
5168 7666
9520 7568
4794 3082
2883 7342
2339 3052
6496 9804
4395 4117
217 6411
3483 4772
6530 160
5782 2999
4569 6073
9471 2331
5510 27
1313 9845
7966 477
1943 4675
222 6829
1640 2602
3740 4767
9462 6718
9666 2346
5439 1794
4986 2382
3557 2904
1372 7539
1530 5242
4295 7128
7069 1794
8821 3925
4524 3706
2438 8652
4249 6289
7892 5795
4916 9260
7830 8086
1381 558
3350 3815
5552 151
5568 1
6420 1286
7443 3181
792 1063
1268 7902
2865 6015
2409 1396
5357 9974
8637 6543
4687 9448
6561 9104
2198 9722
7627 5381
8047 1137
1501 4162
4523 1801
1650 368
774 4130
8577 3447
7716 964
2279 5221
9771 4781
4630 1278
6732 9892
1751 4978
7868 7446
2943 4924
8660 8812
8329 5179
6130 8042
5943 2703
9706 6689
696 2859
1554 7200
8808 2985
5164 4550
7510 4145
467 8450
636 7537
9881 8245
8108 2680
1311 7385
2757 8887
1308 1357
3507 9570
3736 4987
2089 9999
8164 6225
4628 5041
3032 1356
627 4650
4848 25
9408 5597
5735 1250
5878 8502
2699 6316
6363 8986
7840 7847
9297 6647
1205 7686
6989 6029
8127 4479
6454 9214
1518 373
2885 2280
3433 6700
1443 7869
8106 2194
7623 721
1398 9724
1507 768
48 6284
1484 3913
3557 1833
9416 3445
1867 871
2205 6920
2196 428
5126 3872
6676 868
5897 6938
5113 7807
6618 9392
7048 8952
8058 44
2225 7948
2225 9425
3904 4086
9738 5906
6808 4202
5365 8172
6024 4387
7114 2380
1751 5536
4306 6744
4012 9861
4508 5388
2533 4643
2720 5551
7333 4101
3342 3396
1936 2762
6457 8218
7049 4997
6917 7184
1301 8415
5262 7419
4402 22
8807 6491
1114 4526
5669 2033
9520 5515
7194 162
7872 5493
9518 5539
7846 7806
7821 920
7852 5479
9153 1056
8763 4125
5730 4373
6339 6596
4891 1104
5799 9558
8590 4733
1008 5389
7320 5456
4917 1250
3360 1835
968 9316
7042 5773
451 3100
4164 118
6006 8696
2752 9516
9454 8786
2562 6204
675 1942
5606 5043
7611 2861
923 481
6521 7731
8883 7883
8833 2196
2341 8099
5229 7953
8468 6024
5731 1272
5715 6047
7993 7834
9347 5092
7641 8685
7494 9929
3756 6931
8296 7760
1480 9217
4290 144
8315 485
4166 3605
5573 3058
6579 2716
9913 1507
3860 3241
6721 1960
7622 9388
2418 3517
2910 5866
2742 8415
9272 9977
3073 6554
6330 6174
2986 6510
2302 9762
4486 5589
290 9072
471 6725
1697 5507
7748 3747
1255 5740
450 3352
5276 7301
3443 6249
8603 8513
2746 8652
6618 1224
8670 6506
8544 3811
1269 6192
5216 1283
4404 1644
7744 9108
2572 456
5286 5022
7645 9993
2891 4283
1081 4976
4670 3680
2083 6636
4125 9741
3847 4858
9143 5595
207 6620
9059 2244
8293 2991
1077 9906
8397 5804
8489 8925
3521 3299
6269 9855
7752 6597
7023 8144
3511 1864
9453 5386
3674 8158
1511 8662
3906 1203
9756 1911
8807 8281
1591 630
3080 3363
8596 8896
5186 5791
3323 9684
7973 6415
6778 833
7009 3530
9898 4782
1358 2277
773 3442
6597 2904
707 6899
2122 4751
9129 7621
2808 5564
9325 8664
6578 7131
7313 9441
8556 6041
2958 575
7449 6272
705 2615
8556 6769
2561 3042
2144 3579
1165 6596
6809 4244
2018 8085
250 5173
7118 7334
7161 7318
1842 9796
1153 1290
5309 5875
8017 2074
9155 4659
4323 7828
9747 2826
2104 8177
4331 9413
9717 3655
3377 6873
3966 5187
6555 4243
139 4689
8307 2091
757 6055
7758 9005
4251 2433
2305 8032
1628 1965
6447 370
373 4158
4893 2888
7498 7845
5188 8017
5611 1306
956 9359
6988 8927
5172 3597
3382 828
1848 4809
3586 3304
9773 8463
7217 6512
6942 6242
7788 1283
8111 1520
6365 9852
2866 2008
909 2418
8812 2333
5805 7149
7895 5198
8798 7749
3065 3301
3513 8724
5690 7703
6791 6679
3569 4495
812 755
2438 4049
1582 5314
9185 9974
860 9395
6943 2201
5124 4225
3563 8476
3435 5811
8122 7530
3715 105
5962 5959
3577 7746
8504 6665
1076 738
9360 1286
6132 1337
2370 3613
5028 5080
1293 3818
5171 7748
1874 9039
6236 6142
2910 1229
1528 5425
2593 2259
1780 4916
6105 1601
2857 8228
6718 3247
7817 1506
1659 7311
9428 2966
3005 9275
1550 5857
9391 9289
1936 8788
6341 4364
2314 4430
6920 2437
1410 8109
7030 3662
1602 9455
7348 3439
9176 7568
2283 5341
7573 4393
433 4163
1050 1766
9194 4984
5473 8957
3482 1346
3118 837
9814 3844
2100 9282
1598 9703
6656 9382
1055 2586
1619 4583
5485 7989
2223 3453
1698 3219
4447 669
5630 7963
7024 2919
8093 9703
2823 3800
7594 6644
5642 4008
2864 6080
7149 8447
239 7462
3620 9949
3052 3928
1787 5070
1168 9191
1510 577
3106 5071
5915 2636
8554 9010
797 6385
182 2112
8752 3036
4295 7065
8479 2036
1126 5572
5834 8233
7356 4476
5269 2200
6294 1738
4302 7766
9142 1824
2004 1448
7203 4665
567 4425
8040 9670
9179 3068
777 5872
9 7081
8617 4858
6998 701
8770 569
3753 4355
3500 306
7947 6336
4304 1971
1042 1695
8029 9742
4626 5939
5988 8648
4124 2091
2387 5145
1628 1171
412 2437
7443 3499
7185 5936
6635 4322
9860 5562
2362 9579
7749 1395
8208 7036
2666 2382
9642 6706
