4644 4614
2264 2456
8392 9223
9465 7336
5647 3037
5425 8559
8856 8889
4592 4747
687 3499
516 1551
9217 1261
2889 911
342 7064
2571 5004
4791 469
6662 845
4964 5308
9333 2082
747 2406
6177 8596
506 5617
8327 2725
3693 7140
5107 7946
1398 7867
4440 8311
1632 8968
4830 2625
8757 4626
8933 7037
5688 7221
2373 4956
1560 4332
4783 2944
583 533
5567 1089
5662 9326
9541 5504
9661 4794
8542 1259
2167 434
9899 8900
7709 1431
7078 6370
6681 6061
9831 7206
2553 6904
969 7435
9325 4056
959 7674
9212 825
22 9016
3351 469
5219 5886
2974 5061
1405 5602
4216 3426
3181 8098
1118 4845
6877 4150
7619 6659
9622 7387
8079 560
9857 9410
5889 2916
5142 3452
2388 7318
3734 4646
2996 1377
7262 1423
2871 9086
8816 2148
9809 4557
3020 9411
1900 9980
4112 5302
4390 4739
6580 5761
6284 1583
2347 9563
7921 8652
2038 9675
2507 5037
692 272
534 1181
6864 4934
2935 4233
3488 9982
8396 9886
8655 1957
9432 97
6244 955
737 8884
6823 4205
2934 1157
4181 6881
3499 1794
9162 5680
3454 3550
8850 9378
21 4700
8511 1487
6080 7797
2010 2329
7387 2333
1741 4854
6533 1629
6342 7553
9003 4648
7913 4780
526 848
3653 1310
6860 126
8145 6582
9758 1246
4500 3232
5060 9216
4148 3752
5474 6334
1046 5437
9372 390
4088 9574
6636 72
3 8971
6314 2082
7451 8404
2240 627
170 1485
8763 8353
4463 6196
2805 568
7774 6722
1933 4168
1201 5238
8239 3051
89 9445
7860 285
4460 4526
5301 9913
4302 5049
1488 9724
7652 9611
2713 2300
3377 182
5513 9283
8145 8479
6960 3241
6915 6840
5953 2836
3607 8039
9552 9459
4347 9400
721 4627
7273 2580
7939 8235
5357 845
9477 7411
8142 128
5668 8747
596 9121
5411 2684
6490 9382
1672 9014
6376 6710
5433 2867
8223 180
4406 4454
5269 67
921 7495
956 5353
4589 2547
7719 509
9822 6430
7815 8936
5294 7180
8724 2207
9973 7268
2712 7046
8016 2832
424 2406
81 1857
3195 3927
3276 2049
3703 880
3298 3377
1701 370
8199 7454
5354 1711
599 3020
497 6046
9989 3144
6783 3107
3565 4569
7100 2549
5147 8197
7459 9679
3551 2000
2995 1652
560 1222
6058 8770
1208 4952
5587 8083
9040 659
2421 4066
2817 5605
366 5401
2871 4131
3596 8220
8700 6810
6018 6191
9400 8846
3791 6087
1869 5518
8052 3485
479 6303
8806 6846
8378 9680
7048 1843
7425 9919
4595 8370
7530 7835
9765 3195
7523 1959
4704 5901
4856 8321
239 9214
4093 1371
6412 6237
1274 3696
3882 8601
3835 9378
6680 9215
150 6116
6213 130
758 9804
3290 4338
9481 2053
2793 7547
9602 3545
2646 9890
4402 9630
1735 8517
2943 6620
7997 8927
952 1800
6987 3312
2666 2651
6490 2731
2431 4688
654 7514
2913 4869
7773 9897
3918 4674
3709 290
291 9939
4983 7994
1579 636
2517 3719
1724 3581
6387 6374
9834 9847
3003 236
6097 3546
8892 9752
2176 5822
7922 9944
3281 8643
3630 632
292 8486
8929 5812
6828 4122
2656 1849
3778 1417
8358 2702
182 301
6054 7420
5499 4471
7151 1098
2056 6027
729 4752
8316 2101
8489 8232
7051 3041
1783 6962
8745 5339
5667 913
5350 8157
5972 7657
4675 1739
8592 6859
3503 1605
5840 9817
532 6066
5882 588
4450 5231
3863 4932
4864 3383
643 6900
5630 5834
3491 8880
6074 2345
7019 7762
5779 4596
7624 3611
786 2408
6953 2431
7432 5465
1405 2539
4331 9186
5313 6028
3989 1620
4655 1677
9273 242
6825 706
6191 9302
232 8904
74 4878
8888 292
9221 1116
9005 3641
6349 5859
6401 6908
3084 2293
6219 3243
4267 3681
9625 7147
2769 8664
6448 7087
6333 8275
6379 9610
2371 3451
3025 6554
4967 8310
1547 5296
2359 4382
1138 2155
4126 2151
9896 2871
7320 8452
4808 1166
5284 3611
4627 7989
515 9906
6350 1371
6813 7999
2021 4322
1027 9084
1020 7324
1308 4156
790 1463
8059 3659
7477 9690
2953 8175
434 7440
7291 6910
9669 791
3055 7457
771 3366
5765 3621
1895 1015
6713 6402
4995 6759
7862 6647
3550 3174
1806 7937
6141 4238
7116 1501
7667 7875
6362 706
4510 4845
2380 6390
6017 4808
2245 7399
8392 462
900 583
4132 9896
9888 1609
6406 502
9947 8144
2790 3808
8137 6846
8291 8964
1789 5301
8383 2590
4466 9452
3570 9925
8340 2363
8243 2302
1312 9988
5475 2083
2108 3851
3121 8782
3468 1194
3938 8352
1437 5388
4773 5722
1093 8543
9670 279
695 1639
3790 8032
1039 1795
4613 9604
7244 4083
3680 9324
4694 5602
3457 2760
3587 271
4636 5763
5377 3572
3554 81
9400 2357
27 8252
1267 5689
4750 8706
6158 8703
7450 9866
2888 8107
8972 1097
9819 1791
2870 9393
3725 499
3924 9493
2893 6057
1711 5807
7856 3253
1141 9850
3640 8053
8483 3323
9153 3861
8129 8177
4633 1820
937 9281
630 4618
6837 3241
4958 5790
625 6935
8293 2182
5360 8753
8603 3888
8075 5086
43 5674
1201 8349
6464 2196
2593 9145
4864 5059
346 6375
2070 8567
6624 6833
4096 8794
9723 3390
6233 555
1053 1346
2497 9055
4605 7160
2639 3390
6902 5154
3920 8524
2448 1989
8974 6955
6529 7762
7975 6758
9208 8070
2000 8597
9856 9855
2667 1161
4550 7786
1229 5709
3018 3530
2075 9334
8999 2083
151 9531
4073 2093
8260 1883
1614 8355
3257 7573
6582 7050
7543 4248
7940 9515
9460 217
2579 4077
1468 6743
4455 1397
4812 9235
117 831
7266 3788
7079 4000
5267 4427
3159 3324
375 8970
4009 2607
184 3416
3546 8998
5375 5919
9267 6475
3362 4319
8310 8615
1178 4292
6674 2435
691 9100
9147 343
5749 3756
6183 1758
4250 5886
8032 1508
276 5454
5045 219
2335 2025
3353 2560
9307 4338
1605 7924
8662 1811
1227 4911
1914 2420
5108 297
2924 4654
2957 2979
3974 433
3266 4947
415 8885
2984 9776
9463 6772
1792 1077
448 4073
1213 6640
627 6014
4133 4985
4293 3045
6832 6847
6257 5974
2633 5394
1985 3122
3691 5390
8496 2862
6247 8321
8136 1623
7339 2091
6633 3915
1382 7734
9642 669
102 6157
8988 9726
6653 4631
6245 4852
3264 9589
7033 2699
5744 3614
4302 6809
1344 8873
5714 1339
4983 1372
5363 1737
3259 324
2281 4778
8995 2497
9480 9015
6009 4753
451 1878
2480 4516
6159 6652
8020 8131
9859 2629
6556 5391
3937 2403
6637 8892
4290 685
7645 6376
6928 5198
4794 1319
6234 9565
9871 7366
4640 3205
6814 9290
1488 4843
6208 7945
2319 8631
3650 9430
9320 9027
7644 8176
7850 8704
9360 8307
1353 9172
3816 5395
1928 1928
2519 8839
4509 5254
4314 5303
6825 4215
3355 879
7018 126
7031 6239
2639 3418
7034 6940
3605 8864
9749 8361
6005 3257
2491 7748
8808 3245
8656 763
8296 752
9543 7739
8889 6346
7145 4253
6600 5229
8238 8960
8088 4084
6331 7660
4940 1590
4993 7750
272 3350
6251 908
7954 3898
8445 8466
6826 2422
7616 777
8675 5821
1049 9934
9068 9278
9268 7195
1001 707
4525 6413
5797 3112
6304 7263
2126 4899
3235 5635
4926 1849
2974 7690
9033 3811
7445 1606
6099 3846
635 2165
7658 2530
3609 3426
9415 1524
4641 3168
7438 5409
5714 7344
8013 605
4933 4669
1708 216
1243 1959
2374 429
6456 7137
8988 1314
1139 8311
5815 3803
684 2850
2676 7813
5072 2763
6398 2045
696 7673
834 4454
2728 9618
1828 7647
6738 7969
6498 9997
746 3714
4769 6386
168 3156
8171 6625
3170 529
4247 1402
4723 6634
4644 1542
1271 372
9888 5808
5890 7422
8007 8629
6546 3240
4642 8254
8941 7200
2985 2051
973 5847
9940 2422
1307 8219
2896 2120
5609 3049
1337 8045
1463 2650
2747 3218
7069 2357
4995 7458
2323 8063
9766 3557
937 9964
8469 6050
2992 3432
6916 3731
7145 6903
5331 4406
8132 7738
1813 919
240 2502
2494 6917
563 2478
5643 2935
2790 720
4635 2375
4399 4650
8037 8459
2511 7112
4455 3676
3583 8707
462 179
1755 1249
2182 1894
7393 4430
4838 1919
3892 3487
7680 9242
1751 7700
7638 6085
1975 6853
5996 1385
4212 7243
8751 6768
4643 3474
8571 4744
1284 3630
4244 7191
1283 7659
5324 9816
1320 1379
1963 4679
4230 8673
5502 6630
3076 9692
9026 4364
2168 5977
240 1265
1997 5508
4819 6876
2521 1874
2050 6610
927 8623
9122 347
6543 861
2076 320
9091 730
4091 6025
1115 119
6318 1797
4114 1157
6567 2147
5983 8579
5460 7740
7912 6012
731 8147
9975 2510
5713 5496
15 9594
8202 6627
1886 4499
4951 6789
7649 3027
9948 764
7373 1994
5084 8325
2769 2502
8117 6129
1831 9429
443 2920
9339 5910
7774 4863
4957 7387
4699 6892
8656 1627
47 6292
4051 2727
8365 8882
6413 9186
7295 4032
1467 2830
658 4678
6937 6503
1708 5464
5824 9974
2133 6174
3738 1108
9848 8848
9164 8784
5967 5631
1302 4308
8998 9930
4430 5189
4291 1529
5079 5986
8840 9975
573 1289
4396 1985
69 4140
3939 4578
7180 4354
960 2244
1574 6570
4707 6927
4089 52
6050 1172
4305 2439
4995 4725
7839 8563
5287 3474
7335 5351
6340 8568
9247 3941
2455 2747
9502 4754
4511 8178
6563 29
3464 8238
8241 4455
2805 3855
9213 133
734 9420
7196 3964
3162 9360
5385 8200
9506 1086
2905 4803
5915 3942
3525 7951
438 3417
7925 2242
1557 120
5941 7369
3132 9490
6092 10000
957 7166
6646 779
3411 9196
4830 4855
7224 7509
6205 3721
7266 6077
3142 5239
2490 2585
5655 4989
6525 2860
1521 3655
3430 5953
3364 4580
3220 1242
8644 8981
1032 8477
1447 7678
8666 86
9286 3079
982 17
1848 7750
1820 7871
9039 689
3275 2426
5498 2398
5800 212
709 9113
8408 4345
2002 9458
4353 8353
2686 8396
2249 7545
1319 4307
7277 9977
5626 4608
6900 3597
9013 4649
2526 2872
2758 3999
6989 4296
1053 3270
57 2844
800 1515
9082 3146
4549 9055
2626 2001
2520 679
8639 6861
8698 7693
7372 357
6085 9946
9325 2263
3796 8323
3326 8899
6987 3218
8386 8988
4751 6661
3941 8786
3918 5852
1507 82
9300 8624
6523 7621
8651 7449
2999 9843
7697 1976
8034 2472
1764 2157
7369 4530
2731 449
4793 3072
9481 6404
6308 4735
6916 1745
632 9539
8106 8442
9513 4686
6562 1382
6621 6479
3588 4005
8161 1610
6871 7971
9081 3145
3334 1874
5831 5191
1042 5992
9065 7211
3532 9427
9235 5945
5525 6428
4349 9899
3541 6188
9782 6839
5163 111
5968 7672
6953 1837
9562 6951
7166 639
5964 9827
129 5143
5246 8371
2774 2210
6003 1627
3009 5263
154 1676
9408 3495
4995 3458
7770 9583
8239 50
3746 892
3796 812
9924 5
8102 2500
3397 5391
4244 4362
2798 6407
757 2135
5733 1869
1496 746
9691 1280
6121 2231
4616 8529
4680 1084
5543 3455
9539 9077
6970 1047
5004 7774
9060 1793
1421 4801
3476 5141
1728 4483
40 7107
1019 6970
7491 9426
2714 412
9126 5729
9061 226
7758 9312
2174 6928
8862 7531
6303 4830
4094 5743
6838 2728
9409 908
134 5257
901 788
1543 1951
6926 5138
2246 3663
2743 351
3259 669
6866 2432
2482 5714
5678 7075
2044 2466
808 7758
2688 4733
1841 3106
701 9811
1708 3257
4489 1009
5126 5143
6170 8426
3859 4617
82 7337
13 2316
3056 7695
7250 3102
1097 3808
6538 9981
5490 8800
2951 7730
7983 5368
3548 7558
