799715 799930
294238 294428
146912 147897
216517 216070
837262 836604
510404 510845
43103 43882
183218 184211
253942 254198
799556 800414
128335 127586
416628 416869
108922 109095
784537 784543
235644 236532
926959 926720
677398 677453
351775 352652
669977 670107
283028 283952
946694 947624
831927 831726
295300 294604
200303 200817
553761 554026
998431 998533
783347 782880
186296 187277
642845 643436
418534 417911
542856 543271
890741 891258
674381 674687
209404 209773
739052 739540
163124 163156
56232 56401
634870 635829
569546 569901
533177 533286
366263 365839
509218 509964
158654 158831
491925 492398
479699 480162
150806 151590
66347 66821
963906 964113
497444 498420
665269 665996
787367 787375
199193 199487
670572 670983
263407 262652
827359 827676
321855 322457
272100 272194
80754 81080
908267 907521
200908 201535
490923 490017
140101 140581
480699 479751
862068 862930
611126 611905
461712 461103
128817 129714
507789 507430
34459 33472
993075 993984
229129 229365
931463 931826
136488 136828
623331 624249
888772 889095
582218 582667
35113 35973
927592 928066
696203 697108
273468 273168
201965 202470
790237 790817
351435 351575
289045 289450
144322 144338
426762 427084
551099 550468
583491 584462
616441 615683
105946 105167
697635 698186
422936 423388
396244 396449
717687 717883
670862 671053
29523 29716
815099 815011
792403 792937
369272 369807
650945 650978
129439 130398
361027 360436
219929 219245
258683 259127
926938 926850
852675 852006
977922 978852
571361 571789
20920 21675
176938 177330
927495 928494
189288 189788
423482 423986
670621 670633
476654 477323
568696 569625
474725 475627
100268 100400
86979 87748
392779 393247
439139 439380
684618 683908
895143 895827
18045 18080
400328 401197
435676 435781
786996 787350
744720 745574
615591 615792
276986 276008
573901 574388
120372 121035
278324 277872
232393 233174
524182 524805
883900 884884
770532 770839
693556 694316
107820 108766
846151 845688
219850 220708
873682 872692
117356 117417
839164 838613
784063 783428
888199 887486
657465 657259
798753 798537
638596 638775
128416 128474
229328 229132
854776 855244
343349 343936
164463 164569
565033 565398
238347 238769
953719 953713
465078 465468
355862 355135
788897 788351
148149 148803
78441 77756
505875 506587
652723 653001
349560 349865
623738 623997
782187 782934
147302 148004
566700 566976
572937 573013
560443 561380
362785 362866
501240 501635
684109 683802
789602 789882
929973 929362
387095 387994
517519 517687
220436 220962
349963 349658
609332 609628
405283 405788
443514 443013
593362 594058
224853 225626
980498 980689
882550 882577
517946 518624
363321 362665
211603 210683
355661 356536
213433 213751
147855 147236
798275 797904
519700 519118
87945 88087
279170 279352
329088 329999
687907 688479
417594 417052
847387 847548
793695 794332
368785 368329
627706 628571
525878 526031
465514 466145
964399 963662
110164 110415
396091 396909
477948 477027
893471 894135
397196 397247
670466 670066
3055 3382
451586 451741
865981 865027
956275 957161
266467 266578
861723 862704
74840 73841
805033 805654
30380 31015
437203 437810
111703 112235
780093 779694
504141 504185
344005 344220
926460 927396
245629 245814
856626 857466
22361 22601
748761 748541
640115 639926
836615 837018
809735 810286
862125 861317
879730 880725
859197 859345
514876 514920
992649 992929
861055 861628
118924 119640
226526 226798
81279 82259
76060 76099
498464 499278
612177 612745
492264 492302
531348 532035
521818 522547
342487 342631
220967 220507
414947 414689
184793 185791
615770 615834
327171 327188
442072 441489
454414 454490
361778 362421
224970 225395
381131 380752
629002 628641
737460 737809
776674 776473
653227 653515
968416 968803
578585 578772
139832 139899
717824 718275
492824 492974
21098 22050
804235 803266
449831 450779
464372 463859
671506 671713
57084 58029
605512 606501
240989 241847
720585 720461
681316 681734
471732 472519
308688 308830
144131 144716
763780 763852
849511 850027
924359 924477
905853 906035
718834 719680
421027 421795
697834 698604
91286 92200
10986 11338
548410 548646
799448 800051
559786 560332
165106 165296
227455 228260
143314 144245
369264 369647
286192 285691
986614 987488
721267 721315
994623 995586
401581 400784
896950 896861
377965 377592
210183 209344
708668 709576
584478 585054
571008 570362
674515 675496
870766 871524
687327 686753
998719 997841
625893 625472
853216 854022
717533 717610
699270 700007
194040 193439
514991 514006
372669 373235
848307 848971
893653 892961
199478 200233
617554 616567
147016 147903
643903 644237
680465 681435
844176 844671
497741 497126
828969 829399
22992 23156
508939 509365
335272 335655
393225 393836
136917 135952
795840 796151
442486 442454
44941 45057
419499 419075
761486 761590
557758 558193
715675 716219
723468 724424
150586 151578
704131 703762
396659 397098
884348 885068
478985 478626
287153 287814
16229 16524
573696 574625
913938 913294
678886 679487
281872 282107
190295 190687
406993 406831
536504 537114
982221 981399
744707 745155
44582 45453
421295 422099
116893 117146
857168 857464
587753 588429
319892 320450
29379 30176
247837 248553
362932 363687
245636 245698
39382 40304
540501 541484
903199 902370
969067 969477
776426 776375
119973 120912
282655 283309
909706 909132
218245 219190
219285 220001
829677 828679
825223 824420
664545 664033
939202 940053
422926 422449
296952 297183
866244 866728
102644 102197
911577 911915
802807 803796
651351 651828
380136 379779
844085 844100
829843 830536
982892 983570
613595 613685
240864 241371
377185 376532
626965 627758
632605 633468
997451 998275
536277 536656
676245 676956
922386 922304
755647 756032
473890 473143
656985 657028
467393 467764
960541 961367
438330 437409
21736 21876
555530 556083
729366 730038
103651 104350
917521 917554
228242 228617
563839 563688
755441 755518
766567 765819
117602 117667
337652 337842
487888 488669
164000 163590
466544 466689
23576 24551
744802 745356
242493 242931
579481 579735
653034 652274
256800 257094
968310 967770
791325 791543
772812 773460
268190 268964
251255 251888
437056 437947
704398 705312
279678 280401
485074 485405
38686 39352
291076 292029
80092 80387
999943 998207
964672 965511
430534 430528
740791 741232
589043 589789
72565 72644
470020 470337
214739 215688
591899 592335
469823 470458
686309 687094
24506 23928
943576 944480
631704 632205
743743 744020
257530 256880
852274 852984
487031 487857
382326 383194
339218 338525
135052 135863
358694 358834
845154 845302
147124 147274
349219 348456
804628 805135
571323 571760
119269 119980
652246 651268
32234 32908
162294 163182
787645 788469
382664 383470
485548 485847
741478 742014
225014 225275
306991 306147
57401 58397
706962 707622
93139 92650
802189 801517
82479 82143
953956 954925
132744 132663
581305 581475
907883 907987
139028 139260
45247 44539
545427 545643
821185 821956
440057 440236
894498 895158
436826 437662
395034 395385
79374 78760
566255 565796
656683 657171
228822 229365
313350 313728
254266 253805
749422 749955
208126 208392
71870 71314
468913 469618
642791 643647
829101 829348
764630 764993
892667 893580
167450 168037
828369 828382
851219 851739
363340 363957
717828 717327
129280 130186
905715 906691
827044 827195
910105 910616
134483 134716
661195 660508
211654 212123
289197 288418
964194 964423
898766 898897
848374 848393
663384 663413
80650 80401
754899 755309
658686 659221
452772 453706
636797 636329
372041 373020
309518 309531
319798 319897
760876 760564
689384 689130
684072 683171
111465 111304
764780 764139
11833 11346
128339 128694
624229 624556
575462 576161
878713 878914
701863 702852
558729 558530
190483 189810
471208 471693
659620 659784
570204 570519
28622 29006
142128 142565
845452 845234
576785 576952
251610 251863
826039 826108
554356 554423
14987 15570
561289 562037
773439 772661
675014 675468
26921 26798
756588 757080
697119 697478
689869 690851
26062 26692
280028 280833
907180 907790
156358 156522
887681 887852
554813 554735
390392 391227
843705 844498
429157 429442
687316 688192
315412 315030
726482 727441
971345 971836
699699 700552
285904 286253
639876 640445
511534 511357
433297 433614
263620 263623
641341 640994
696939 697751
821613 822336
153417 154176
527613 527229
661960 661693
844669 844740
504171 504450
278245 279096
765530 766207
585880 586570
949552 949805
859807 860662
649209 648816
552870 551993
219456 219428
648261 649120
323117 323180
498738 499558
464108 463669
642047 642292
835456 835753
788443 788727
176359 176630
502730 503360
393770 393881
264325 265182
861032 861182
745995 746745
470755 470154
171842 172830
478530 479463
988969 988691
615576 614895
266228 266610
292272 292227
780513 781504
460631 460102
438501 439135
550984 550822
906721 907106
548550 549370
903773 904549
354015 353852
22120 21662
18408 18028
838559 838457
103164 104042
427726 428367
789519 789484
862934 863886
623305 623589
342768 343496
518287 519113
370998 371552
70758 71301
722364 722897
520353 520692
342990 343511
394313 394118
484624 484631
174860 175524
451716 452036
673770 674188
554931 555148
861613 861545
884879 884487
628765 629284
130281 130969
993971 994268
496074 496945
946047 945875
17017 17569
541729 542414
54749 55212
757175 758095
10343 10221
541233 541654
628535 628658
782099 781702
349351 350075
303060 303573
901534 901924
705826 705762
909818 910336
401935 401743
497320 497923
716367 716627
965800 965683
174627 175084
839223 839849
809655 808688
285438 285533
111717 112443
717884 718223
231865 230993
743031 743676
59691 59445
885602 885187
340488 339551
451531 452338
766469 766989
818819 819032
974572 974644
155675 155188
701960 702819
158086 158662
692070 691605
179394 179346
20532 21393
88180 88490
895917 896322
60601 60827
281429 281547
662811 663221
367705 368587
193788 193849
576032 576381
936430 935786
617346 617348
664919 665106
257160 256922
530871 531039
844379 844712
522699 523401
142493 142941
451920 451193
933646 933650
474477 474169
426162 426936
66279 66722
697415 698350
756403 756183
558846 559753
139595 140496
740573 741004
467224 466631
360845 360802
259204 259427
367519 367753
296804 296125
559896 560354
812271 811913
327569 327687
932715 933146
172305 172370
226976 227306
385059 385086
71139 70947
369360 369644
71541 70774
853166 854131
93171 92173
179975 180950
519643 520031
205519 204797
617218 617236
342135 342553
838870 839069
488934 488655
706552 706876
712911 712840
2403 2895
454253 454294
620609 621470
481957 481668
636785 636753
757303 757569
668094 668298
638494 639076
965021 965994
649062 649689
796196 796850
234431 234444
460783 460910
924099 924097
761492 761082
837586 838239
299700 298719
700428 700629
320285 320608
81041 81441
120009 120458
9206 9766
429025 429143
279168 278316
847910 848542
468656 469007
169166 168647
462477 462753
487293 488143
208763 208423
565418 565066
825182 826041
402070 403049
4574 4912
39211 38753
474504 474434
695492 696069
277920 278622
582107 581657
717975 717632
75969 76077
634028 634238
883383 884163
946069 946765
801730 802325
870959 871264
637560 638102
844933 845041
598885 599421
250021 250225
559867 559909
79427 79414
153300 153012
425821 426567
196326 195837
276512 276523
779801 780162
136728 137012
732623 733275
784245 783537
20193 20335
799895 800047
115794 115785
381996 381389
359164 359020
212133 213054
477660 476704
851381 852322
556572 557034
741714 741915
845237 846193
431983 432035
702109 702117
86878 85904
970628 971338
482106 482563
442993 442789
257810 258784
28325 29063
192578 193217
488655 488832
854107 853687
963258 963304
8370 8664
997074 997294
74155 74300
472489 473094
557910 558063
560676 560839
508337 509204
239245 238597
40009 39556
775300 775637
776036 776900
481000 481866
20023 20801
561288 560911
700500 699737
780782 781295
926863 927280
637048 636767
420910 421528
270613 271435
735096 735826
940568 940166
907158 907503
80562 81499
403788 403652
126876 126538
574151 574176
844342 843936
274189 274003
547733 547343
13668 12864
446178 446971
337707 338310
391867 392336
455475 455525
102576 102798
141178 141714
442228 442857
78495 77751
348068 348203
29145 29783
529790 529839
345778 346096
848552 848554
324478 325424
98392 97979
168071 168535
883228 882586
156074 156630
886680 885810
130077 129123
675784 675583
40963 41848
56083 56225
968381 967825
381782 381817
486006 485769
189602 190112
234544 234722
983157 983666
558443 559337
99397 99553
410632 410949
449152 449880
948062 948283
776850 777234
527239 527606
726221 726963
329868 330600
484395 484855
150577 150748
132985 133683
592736 593306
206343 205463
839288 839068
396869 396830
486825 487703
293654 293423
904342 904868
704209 703994
903730 904640
180537 181192
87396 88175
311392 312015
560236 560494
282548 283125
822850 823269
960046 960004
871014 871626
98919 98173
211828 212339
491963 491411
704123 704977
854641 853738
708754 708701
418241 418691
977838 978182
128297 128629
427192 426736
556705 557123
444593 445219
771520 770723
522762 522395
829991 829378
82876 83172
796791 797485
886796 885937
841830 841861
178682 178815
15002 15372
352691 352620
455087 454984
838379 838672
109209 109959
722688 723016
535776 535044
995159 995885
681369 682015
621171 621244
983355 983389
525936 526763
654016 654903
686524 687220
332436 331446
783536 783560
361300 361949
127855 128468
359338 359526
383062 382182
195993 196288
415895 416235
235870 236545
582463 581716
39012 39999
996254 996615
54708 55129
120567 120770
806428 806252
227142 226382
840918 841209
26421 26475
601307 602013
69169 69342
274961 275079
571761 571238
441188 441627
342015 342122
69046 69857
302517 303202
575108 575414
900370 900512
878326 879299
861313 860739
442112 441284
678838 678546
798174 798581
522402 522508
587210 587606
90933 90973
916399 916546
642527 642601
382821 383495
549325 548454
388830 388960
84032 84587
805414 805690
316126 316404
281945 282434
182488 181547
208967 209018
